0 0 0 0 0 0 0 0.6363636363636364 0 0 0 0 0 0 0 0 0 0 0 0 0 0 0 0 0 0 0 0 0 0 0 0 0 0 0 0 0 0 0 0 0 0 0 0 0 0 0 0 0 0 0 0 0 0 0 0 0 0 0 0 0 0 0 0 0 0 0 0.18181818181818182 0 0 0 0 0 0 0 0 0 0.18181818181818182 0 0 0 0 0 0 0 0 0 0 0 0 0 0 0 0 0 0 0 0 0 0 0 0 0 76.06198181818182 12.545454545454545 3.4545454545454546 70.0 31.636363636363637 1.15 0.9454545454545454 2.2 2.8290909090909087 1.8181818181818181 2.5454545454545454 1.6363636363636365 4.7272727272727275 0.1694915254237288 0.23728813559322035 0.15254237288135594 0.44067796610169496
0 0 0 0 0 0 0 0.6363636363636364 0 0 0 0 0 0 0 0 0 0 0 0 0 0 0 0 0 0.18181818181818182 0 0 0 0 0 0 0 0 0 0 0 0 0.18181818181818182 0 0 0 0 0 0 0 0 0 0 0 0 0 0 0 0 0 0 0 0 0 0 0 0 0 0 0 0 0 0 0 0 0 0 0 0 0 0 0 0 0 0 0 0 0 0 0 0 0 0 0 0 0 0 0 0 0 0 0 0 0 0 0 0 36.499772727272735 12.181818181818182 2.909090909090909 31.0 16.90909090909091 1.2000000000000002 0.9636363636363637 2.2199999999999998 2.7436363636363637 2.0 2.5454545454545454 1.2727272727272727 0.0 0.34375 0.4375 0.21875 0.0
0 0 0 0 0 0 0 0.6363636363636364 0 0 0 0 0 0 0 0 0 0 0 0 0 0 0 0 0 0 0 0 0 0 0 0 0 0 0 0 0 0 0 0 0 0 0 0 0 0 0 0 0 0 0 0 0 0 0 0 0 0 0 0 0 0 0 0 0 0 0 0 0 0 0 0 0 0 0 0 0.18181818181818182 0 0 0 0 0 0.18181818181818182 0 0 0 0 0 0 0 0 0 0 0 0 0 0 0 0 0 0 0 0 83.12641818181818 14.545454545454545 3.4545454545454546 75.0 34.18181818181818 1.0 0.9181818181818183 1.42 2.956363636363636 2.0 3.090909090909091 3.090909090909091 5.090909090909091 0.1506849315068493 0.2328767123287671 0.2328767123287671 0.3835616438356164
0 0 0 0 0 0 0 0.6363636363636364 0 0 0 0 0 0 0 0 0 0 0 0 0 0 0 0 0 0 0 0 0 0 0 0 0 0 0 0 0 0 0 0 0 0 0 0 0 0 0 0 0 0 0 0 0 0 0 0 0 0 0 0 0 0 0 0 0 0 0 0 0 0 0 0 0 0 0 0.18181818181818182 0 0 0 0 0 0 0.18181818181818182 0 0 0 0 0 0 0 0 0 0 0 0 0 0 0 0 0 0 0 0 82.76514545454546 14.363636363636363 3.4545454545454546 75.0 34.0 1.0 0.9090909090909091 1.42 2.956363636363636 2.0 3.090909090909091 2.909090909090909 5.090909090909091 0.15277777777777776 0.23611111111111108 0.2222222222222222 0.38888888888888884
0 0 0 0 0 0 0 0.6363636363636364 0 0 0 0 0 0 0 0 0 0 0 0 0 0 0 0 0 0 0 0 0 0 0 0 0 0 0 0 0 0 0 0 0 0 0 0 0 0 0 0 0 0 0 0 0 0 0 0 0 0 0 0 0 0 0 0 0 0 0 0 0 0 0 0 0 0 0 0 0 0.18181818181818182 0 0 0 0 0.18181818181818182 0 0 0 0 0 0 0 0 0 0 0 0 0 0 0 0 0 0 0 0 83.64769090909091 14.727272727272727 3.4545454545454546 75.0 34.36363636363637 1.0 0.9181818181818183 1.42 2.9709090909090907 1.8181818181818181 3.090909090909091 3.4545454545454546 5.090909090909091 0.13513513513513511 0.22972972972972971 0.25675675675675674 0.37837837837837834
0 0 0 0 0 0 0 0.6363636363636364 0 0 0 0 0 0 0 0 0 0 0 0 0 0 0 0 0 0 0 0 0 0 0 0 0 0 0 0 0 0 0 0 0 0 0 0 0.18181818181818182 0 0 0 0 0 0 0 0 0 0 0 0 0 0 0 0 0 0 0 0 0 0 0 0 0 0 0 0 0 0 0 0 0 0 0 0 0 0.18181818181818182 0 0 0 0 0 0 0 0 0 0 0 0 0 0 0 0 0 0 0 0 66.88796363636364 14.545454545454545 3.272727272727273 75.0 28.363636363636363 1.0 0.9181818181818183 1.42 2.9709090909090907 1.8181818181818181 3.090909090909091 3.272727272727273 2.5454545454545454 0.1694915254237288 0.288135593220339 0.3050847457627119 0.23728813559322035
0 0 0 0 0 0 0 0.6363636363636364 0 0 0 0 0 0 0 0 0 0 0 0 0 0 0 0 0 0 0 0 0 0 0 0 0 0 0 0 0 0 0 0 0 0 0 0.18181818181818182 0 0 0 0 0 0 0 0 0 0 0 0 0 0 0 0 0 0 0 0 0 0 0 0 0 0 0 0 0 0 0 0 0 0 0 0 0 0 0.18181818181818182 0 0 0 0 0 0 0 0 0 0 0 0 0 0 0 0 0 0 0 0 66.55423636363636 14.363636363636363 3.272727272727273 75.0 28.181818181818183 1.0 0.9090909090909091 1.42 2.956363636363636 1.8181818181818181 3.090909090909091 3.090909090909091 2.5454545454545454 0.1724137931034483 0.2931034482758621 0.2931034482758621 0.2413793103448276
0 0 0 0 0 0 0 0.6363636363636364 0 0 0 0 0 0 0 0 0 0 0 0.18181818181818182 0 0 0 0 0 0 0 0 0 0 0 0 0 0 0 0 0 0 0 0 0.18181818181818182 0 0 0 0 0 0 0 0 0 0 0 0 0 0 0 0 0 0 0 0 0 0 0 0 0 0 0 0 0 0 0 0 0 0 0 0 0 0 0 0 0 0 0 0 0 0 0 0 0 0 0 0 0 0 0 0 0 0 0 0 0 0 34.360414545454546 11.454545454545455 2.909090909090909 33.0 16.181818181818183 1.2000000000000002 0.9727272727272727 2.44 2.6618181818181816 1.8181818181818181 2.5454545454545454 0.7272727272727273 0.0 0.35714285714285715 0.5 0.14285714285714288 0.0
0 0 0 0 0 0 0 0.6363636363636364 0 0 0 0 0 0 0 0 0 0 0 0.18181818181818182 0 0 0 0 0 0 0 0 0 0 0 0 0 0 0 0 0 0 0 0 0 0 0 0.18181818181818182 0 0 0 0 0 0 0 0 0 0 0 0 0 0 0 0 0 0 0 0 0 0 0 0 0 0 0 0 0 0 0 0 0 0 0 0 0 0 0 0 0 0 0 0 0 0 0 0 0 0 0 0 0 0 0 0 0 0 0 35.844709090909085 12.0 2.909090909090909 36.0 16.727272727272727 1.2000000000000002 0.9454545454545454 2.44 2.7709090909090905 1.8181818181818181 2.5454545454545454 1.2727272727272727 0.0 0.3225806451612903 0.45161290322580644 0.22580645161290322 0.0
0 0 0 0 0 0 0 0.6363636363636364 0 0 0 0 0 0 0 0 0 0 0 0.18181818181818182 0 0 0 0 0 0 0 0 0 0 0 0 0 0 0 0 0 0 0 0 0 0 0 0 0 0 0 0 0 0 0.18181818181818182 0 0 0 0 0 0 0 0 0 0 0 0 0 0 0 0 0 0 0 0 0 0 0 0 0 0 0 0 0 0 0 0 0 0 0 0 0 0 0 0 0 0 0 0 0 0 0 0 0 0 0 0 39.60652727272728 13.272727272727273 2.909090909090909 43.0 18.0 1.2000000000000002 0.9727272727272727 2.44 2.7436363636363637 2.0 3.090909090909091 1.8181818181818181 0.0 0.2894736842105263 0.4473684210526316 0.2631578947368421 0.0
0 0 0 0 0 0 0 0.6363636363636364 0 0 0 0 0 0 0 0 0 0 0 0.18181818181818182 0 0 0 0 0 0 0 0 0 0 0 0 0 0 0 0 0 0 0 0 0 0 0 0 0 0 0 0 0 0 0 0 0 0 0 0 0 0 0 0 0 0 0 0 0 0 0 0 0 0 0 0 0.18181818181818182 0 0 0 0 0 0 0 0 0 0 0 0 0 0 0 0 0 0 0 0 0 0 0 0 0 0 0 0 0 0 50.36796 11.454545454545455 3.090909090909091 65.0 22.0 1.2000000000000002 0.9727272727272727 2.44 2.6436363636363636 2.0 2.5454545454545454 0.5454545454545454 2.5454545454545454 0.2619047619047619 0.3333333333333333 0.07142857142857142 0.3333333333333333
0 0 0 0 0 0 0 0.6363636363636364 0 0 0 0 0 0 0 0 0 0 0 0 0 0 0 0 0 0 0 0 0 0 0 0 0 0 0 0 0 0 0 0 0 0 0 0 0 0 0 0.18181818181818182 0 0 0 0 0 0 0 0 0 0 0 0 0 0 0 0 0 0 0 0 0 0 0 0 0 0 0 0.18181818181818182 0 0 0 0 0 0 0 0 0 0 0 0 0 0 0 0 0 0 0 0 0 0 0 0 0 0 0 65.20707272727272 13.818181818181818 3.272727272727273 68.0 27.636363636363637 0.9500000000000001 0.9 1.75 2.8963636363636365 2.0 2.5454545454545454 2.909090909090909 2.5454545454545454 0.2 0.2545454545454545 0.2909090909090909 0.2545454545454545
0 0 0 0 0 0 0 0.6363636363636364 0 0 0 0 0 0 0 0 0 0 0 0 0 0 0 0 0 0 0 0 0 0 0 0 0 0 0 0 0 0 0 0 0 0 0 0 0 0 0 0.18181818181818182 0 0 0 0 0 0 0 0 0 0 0 0 0 0 0 0 0 0 0 0 0 0 0 0 0 0 0.18181818181818182 0 0 0 0 0 0 0 0 0 0 0 0 0 0 0 0 0 0 0 0 0 0 0 0 0 0 0 0 64.47561818181818 13.636363636363637 3.272727272727273 67.0 27.454545454545453 0.9500000000000001 0.9090909090909091 1.75 2.841818181818182 2.0 2.5454545454545454 2.727272727272727 2.5454545454545454 0.2037037037037037 0.25925925925925924 0.27777777777777773 0.25925925925925924
0 0 0 0 0 0 0 0.6363636363636364 0 0 0 0 0 0 0 0 0 0 0 0 0 0 0 0 0 0 0 0 0 0 0 0 0 0 0 0 0 0 0 0 0 0 0 0.18181818181818182 0 0 0 0.18181818181818182 0 0 0 0 0 0 0 0 0 0 0 0 0 0 0 0 0 0 0 0 0 0 0 0 0 0 0 0 0 0 0 0 0 0 0 0 0 0 0 0 0 0 0 0 0 0 0 0 0 0 0 0 0 0 0 48.99616363636364 13.818181818181818 3.090909090909091 40.0 21.818181818181817 0.9500000000000001 0.9 1.75 2.8963636363636365 1.8181818181818181 2.5454545454545454 3.090909090909091 0.0 0.24390243902439024 0.34146341463414637 0.41463414634146345 0.0
0 0 0 0 0 0 0 0.6363636363636364 0 0 0 0 0 0 0 0 0 0 0 0 0 0 0 0 0 0 0 0 0 0 0 0 0 0 0 0 0 0 0 0 0 0 0 0 0 0 0 0.18181818181818182 0 0 0.18181818181818182 0 0 0 0 0 0 0 0 0 0 0 0 0 0 0 0 0 0 0 0 0 0 0 0 0 0 0 0 0 0 0 0 0 0 0 0 0 0 0 0 0 0 0 0 0 0 0 0 0 0 0 0 52.75798181818182 15.090909090909092 3.090909090909091 43.0 23.09090909090909 0.9500000000000001 0.9272727272727272 1.75 2.869090909090909 2.0 3.090909090909091 3.6363636363636362 0.0 0.22916666666666669 0.3541666666666667 0.4166666666666667 0.0
0 0 0 0 0 0 0 0.6363636363636364 0 0 0 0 0 0 0 0 0 0 0 0 0 0 0 0 0 0 0 0 0 0 0 0 0 0 0 0 0 0 0 0 0 0 0.18181818181818182 0 0 0 0 0.18181818181818182 0 0 0 0 0 0 0 0 0 0 0 0 0 0 0 0 0 0 0 0 0 0 0 0 0 0 0 0 0 0 0 0 0 0 0 0 0 0 0 0 0 0 0 0 0 0 0 0 0 0 0 0 0 0 0 48.43798181818182 13.636363636363637 3.090909090909091 40.0 21.636363636363637 0.9500000000000001 0.9090909090909091 1.75 2.841818181818182 2.0 2.5454545454545454 2.727272727272727 0.0 0.275 0.35000000000000003 0.375 0.0
0 0 0 0 0 0 0 0.6363636363636364 0 0 0 0 0 0 0 0 0 0 0 0 0 0 0 0 0 0 0 0 0 0 0 0 0 0 0 0 0 0 0 0 0 0 0 0 0 0 0 0 0 0 0 0 0 0 0 0 0 0.18181818181818182 0 0.18181818181818182 0 0 0 0 0 0 0 0 0 0 0 0 0 0 0 0 0 0 0 0 0 0 0 0 0 0 0 0 0 0 0 0 0 0 0 0 0 0 0 0 0 0 0 61.88289090909091 11.272727272727273 3.4545454545454546 52.0 26.545454545454547 1.25 1.0545454545454547 2.32 2.5999999999999996 2.0 2.5454545454545454 0.18181818181818182 0.9090909090909091 0.3548387096774193 0.45161290322580644 0.03225806451612903 0.16129032258064516
0 0 0 0 0 0 0 0.6363636363636364 0 0 0 0 0 0 0 0 0 0 0 0 0 0.18181818181818182 0 0 0 0 0 0 0 0 0 0 0 0 0 0 0 0 0 0 0 0 0 0 0 0 0 0 0 0 0 0 0 0 0 0 0 0.18181818181818182 0 0 0 0 0 0 0 0 0 0 0 0 0 0 0 0 0 0 0 0 0 0 0 0 0 0 0 0 0 0 0 0 0 0 0 0 0 0 0 0 0 0 0 0 0 44.36016363636364 11.454545454545455 3.090909090909091 50.0 19.636363636363637 1.25 0.9727272727272727 2.32 2.6727272727272724 2.0 2.5454545454545454 0.5454545454545454 0.18181818181818182 0.37931034482758624 0.4827586206896552 0.10344827586206896 0.034482758620689655
0 0 0 0 0 0 0 0.6363636363636364 0 0 0 0 0 0 0 0 0 0 0 0 0 0 0 0 0 0 0 0 0 0 0 0 0 0 0 0 0 0 0 0.18181818181818182 0 0 0 0 0 0 0 0 0 0 0 0 0 0 0 0 0 0.18181818181818182 0 0 0 0 0 0 0 0 0 0 0 0 0 0 0 0 0 0 0 0 0 0 0 0 0 0 0 0 0 0 0 0 0 0 0 0 0 0 0 0 0 0 0 0 0 52.243254545454555 11.454545454545455 3.272727272727273 50.0 22.90909090909091 1.25 1.0 2.32 2.6345454545454543 2.0 2.5454545454545454 0.5454545454545454 0.18181818181818182 0.37931034482758624 0.4827586206896552 0.10344827586206896 0.034482758620689655
0 0 0 0 0 0 0 0.6363636363636364 0 0 0 0 0 0 0 0 0 0 0 0 0 0 0 0 0 0 0 0 0 0 0 0.18181818181818182 0 0 0 0 0 0 0 0 0 0 0 0 0 0 0 0 0 0 0 0 0 0 0 0 0 0 0 0 0 0 0 0 0 0.18181818181818182 0 0 0 0 0 0 0 0 0 0 0 0 0 0 0 0 0 0 0 0 0 0 0 0 0 0 0 0 0 0 0 0 0 0 0 0 0 52.934163636363635 13.272727272727273 3.090909090909091 58.0 22.90909090909091 1.15 0.9272727272727272 2.2199999999999998 2.7763636363636364 2.0 2.909090909090909 1.8181818181818181 1.8181818181818181 0.23404255319148937 0.34042553191489366 0.2127659574468085 0.2127659574468085
0 0 0 0 0 0 0 0.6363636363636364 0 0 0 0 0 0 0 0 0 0 0 0 0 0 0 0 0 0 0 0 0 0 0 0 0 0 0 0 0 0 0 0 0 0 0 0 0 0 0 0 0 0 0 0 0 0 0 0 0 0 0 0 0 0 0 0 0 0.18181818181818182 0 0 0 0 0 0.18181818181818182 0 0 0 0 0 0 0 0 0 0 0 0 0 0 0 0 0 0 0 0 0 0 0 0 0 0 0 0 0 0 0 72.17961818181819 11.454545454545455 3.4545454545454546 64.0 30.181818181818183 1.15 0.9818181818181819 2.2199999999999998 2.647272727272727 2.0 2.5454545454545454 0.36363636363636365 4.363636363636363 0.2156862745098039 0.2745098039215686 0.0392156862745098 0.4705882352941176
0 0 0 0 0 0 0 0.6363636363636364 0 0 0 0 0 0 0 0 0 0 0 0 0 0 0 0 0.18181818181818182 0 0 0 0 0 0 0 0 0 0 0 0 0 0 0 0 0 0 0 0 0 0 0 0 0 0 0 0 0 0 0 0 0 0 0 0 0 0 0 0 0.18181818181818182 0 0 0 0 0 0 0 0 0 0 0 0 0 0 0 0 0 0 0 0 0 0 0 0 0 0 0 0 0 0 0 0 0 0 0 0 0 49.71562636363637 12.0 3.090909090909091 58.0 21.636363636363637 1.15 0.9545454545454546 2.2199999999999998 2.6927272727272724 2.0 2.5454545454545454 0.9090909090909091 1.8181818181818181 0.275 0.35000000000000003 0.125 0.25
0 0 0 0 0 0 0 0.6363636363636364 0 0 0 0 0 0 0 0 0 0 0 0 0 0 0 0 0 0 0 0 0 0 0 0 0 0 0 0 0 0 0 0 0 0 0 0 0 0 0 0 0 0 0 0 0 0 0 0 0 0 0 0 0 0 0 0 0 0.18181818181818182 0 0 0 0 0 0 0 0 0 0 0 0 0 0 0 0.18181818181818182 0 0 0 0 0 0 0 0 0 0 0 0 0 0 0 0 0 0 0 0 0 77.39961818181818 13.272727272727273 3.4545454545454546 74.0 32.0 1.2000000000000002 1.0272727272727273 2.2199999999999998 2.8345454545454545 2.0 2.909090909090909 1.8181818181818181 4.363636363636363 0.180327868852459 0.26229508196721313 0.16393442622950818 0.3934426229508196
0 0 0 0 0 0 0 0.6363636363636364 0 0 0 0 0 0 0 0 0 0 0 0 0 0 0 0 0 0 0 0 0 0 0 0 0 0 0 0 0 0 0 0 0 0 0 0 0 0 0 0 0 0 0 0 0 0 0 0 0 0 0 0 0 0 0 0 0 0.18181818181818182 0 0 0 0 0 0 0 0 0 0 0 0.18181818181818182 0 0 0 0 0 0 0 0 0 0 0 0 0 0 0 0 0 0 0 0 0 0 0 0 0 75.1967090909091 12.545454545454545 3.4545454545454546 70.0 31.272727272727273 1.15 0.9454545454545454 2.2199999999999998 2.825454545454545 1.8181818181818181 2.5454545454545454 1.6363636363636365 4.363636363636363 0.17543859649122806 0.2456140350877193 0.15789473684210528 0.42105263157894735
0 0 0 0 0 0 0 0.6363636363636364 0 0 0 0 0 0 0 0 0 0 0 0 0 0 0 0 0 0 0 0 0 0 0 0 0 0 0 0 0 0 0 0 0 0 0 0.18181818181818182 0 0 0 0 0 0 0 0 0 0 0 0 0 0 0 0 0 0 0 0 0 0.18181818181818182 0 0 0 0 0 0 0 0 0 0 0 0 0 0 0 0 0 0 0 0 0 0 0 0 0 0 0 0 0 0 0 0 0 0 0 0 0 58.10325454545455 12.181818181818182 3.272727272727273 58.0 25.09090909090909 1.15 0.9363636363636364 2.2199999999999998 2.8109090909090906 1.8181818181818181 2.5454545454545454 1.2727272727272727 1.8181818181818181 0.24390243902439024 0.34146341463414637 0.17073170731707318 0.24390243902439024
0 0 0 0 0 0 0 0.6363636363636364 0 0 0 0 0 0 0 0 0 0 0 0 0 0 0 0 0 0 0 0 0 0 0 0 0 0 0 0 0 0 0 0 0 0 0 0 0 0 0 0 0 0.18181818181818182 0 0 0 0 0 0 0 0 0 0 0 0 0 0 0 0.18181818181818182 0 0 0 0 0 0 0 0 0 0 0 0 0 0 0 0 0 0 0 0 0 0 0 0 0 0 0 0 0 0 0 0 0 0 0 0 0 61.31052727272727 13.272727272727273 3.272727272727273 58.0 26.181818181818183 1.15 0.9636363636363637 2.2199999999999998 2.767272727272727 2.0 2.909090909090909 1.8181818181818181 1.8181818181818181 0.23404255319148937 0.34042553191489366 0.2127659574468085 0.2127659574468085
0 0 0 0 0 0 0 0.6363636363636364 0 0 0 0 0 0 0 0 0 0 0 0 0 0.18181818181818182 0 0 0 0 0 0 0 0 0 0 0 0 0 0 0 0 0 0 0 0 0 0 0 0 0 0 0 0 0 0 0 0 0 0 0 0 0 0 0 0 0 0 0 0.18181818181818182 0 0 0 0 0 0 0 0 0 0 0 0 0 0 0 0 0 0 0 0 0 0 0 0 0 0 0 0 0 0 0 0 0 0 0 0 0 48.429981818181815 11.454545454545455 3.090909090909091 58.0 21.09090909090909 1.15 0.9545454545454546 2.2199999999999998 2.690909090909091 2.0 2.5454545454545454 0.36363636363636365 1.8181818181818181 0.2972972972972973 0.37837837837837834 0.05405405405405406 0.27027027027027023
0 0 0 0 0 0 0 0.6363636363636364 0 0 0 0 0 0 0 0 0 0 0 0 0 0 0 0 0 0 0 0 0 0 0 0 0 0 0 0 0 0 0 0.18181818181818182 0 0 0 0 0 0 0 0 0 0 0 0 0 0 0 0 0 0 0 0 0 0 0 0 0 0.18181818181818182 0 0 0 0 0 0 0 0 0 0 0 0 0 0 0 0 0 0 0 0 0 0 0 0 0 0 0 0 0 0 0 0 0 0 0 0 0 56.313072727272726 11.454545454545455 3.272727272727273 58.0 24.363636363636363 1.15 0.9818181818181819 2.2199999999999998 2.652727272727273 2.0 2.5454545454545454 0.36363636363636365 1.8181818181818181 0.2972972972972973 0.37837837837837834 0.05405405405405406 0.27027027027027023
0 0 0 0 0 0 0 0.6363636363636364 0 0 0 0 0 0 0 0 0 0 0 0 0 0 0 0 0 0 0 0 0 0 0 0 0 0 0 0 0 0 0 0 0 0 0 0 0 0 0 0 0 0 0 0 0 0 0 0 0 0 0 0 0 0 0 0 0 0 0 0.18181818181818182 0 0 0 0.18181818181818182 0 0 0 0 0 0 0 0 0 0 0 0 0 0 0 0 0 0 0 0 0 0 0 0 0 0 0 0 0 0 0 73.04489090909091 11.454545454545455 3.4545454545454546 64.0 30.545454545454547 1.15 0.9818181818181819 2.2 2.6509090909090904 2.0 2.5454545454545454 0.36363636363636365 4.7272727272727275 0.20754716981132074 0.2641509433962264 0.03773584905660377 0.49056603773584906
0 0 0 0 0 0 0 0.6363636363636364 0 0 0 0 0 0 0 0 0 0 0 0 0 0 0 0 0.18181818181818182 0 0 0 0 0 0 0 0 0 0 0 0 0 0 0 0 0 0 0 0 0 0 0 0 0 0 0 0 0 0 0 0 0 0 0 0 0 0 0 0 0 0 0.18181818181818182 0 0 0 0 0 0 0 0 0 0 0 0 0 0 0 0 0 0 0 0 0 0 0 0 0 0 0 0 0 0 0 0 0 0 0 50.58089909090909 12.0 3.090909090909091 60.0 22.0 1.15 0.9545454545454546 2.2 2.696363636363636 2.0 2.5454545454545454 0.9090909090909091 2.1818181818181817 0.2619047619047619 0.3333333333333333 0.11904761904761904 0.2857142857142857
0 0 0 0 0 0 0 0.6363636363636364 0 0 0 0 0 0 0 0 0 0 0 0 0 0 0 0 0 0 0 0 0 0 0 0 0 0 0 0 0 0 0 0 0 0 0 0 0 0 0 0 0 0 0 0 0 0 0 0 0 0 0 0 0 0 0 0 0 0 0 0.18181818181818182 0 0 0 0 0 0 0 0 0 0 0 0 0 0.18181818181818182 0 0 0 0 0 0 0 0 0 0 0 0 0 0 0 0 0 0 0 0 0 78.26489090909091 13.272727272727273 3.4545454545454546 74.0 32.36363636363637 1.2000000000000002 1.0272727272727273 2.2 2.838181818181818 2.0 2.909090909090909 1.8181818181818181 4.7272727272727275 0.1746031746031746 0.25396825396825395 0.15873015873015872 0.4126984126984127
0 0 0 0 0 0 0 0.6363636363636364 0 0 0 0 0 0 0 0 0 0 0 0 0 0 0 0 0 0 0 0 0 0 0 0 0 0 0 0 0 0 0 0 0 0 0 0.18181818181818182 0 0 0 0 0 0 0 0 0 0 0 0 0 0 0 0 0 0 0 0 0 0 0 0.18181818181818182 0 0 0 0 0 0 0 0 0 0 0 0 0 0 0 0 0 0 0 0 0 0 0 0 0 0 0 0 0 0 0 0 0 0 0 58.968527272727265 12.181818181818182 3.272727272727273 60.0 25.454545454545453 1.15 0.9363636363636364 2.2 2.8145454545454545 1.8181818181818181 2.5454545454545454 1.2727272727272727 2.1818181818181817 0.23255813953488372 0.3255813953488372 0.1627906976744186 0.27906976744186046
0 0 0 0 0 0 0 0.6363636363636364 0 0 0 0 0 0 0 0 0 0 0 0 0 0 0 0 0 0 0 0 0 0 0 0 0 0 0 0 0 0 0 0 0 0 0 0 0 0 0 0 0 0.18181818181818182 0 0 0 0 0 0 0 0 0 0 0 0 0 0 0 0 0 0.18181818181818182 0 0 0 0 0 0 0 0 0 0 0 0 0 0 0 0 0 0 0 0 0 0 0 0 0 0 0 0 0 0 0 0 0 0 0 62.1758 13.272727272727273 3.272727272727273 60.0 26.545454545454547 1.15 0.9636363636363637 2.2 2.7709090909090905 2.0 2.909090909090909 1.8181818181818181 2.1818181818181817 0.22448979591836737 0.326530612244898 0.20408163265306123 0.24489795918367346
0 0 0 0 0 0 0 0.6363636363636364 0 0 0 0 0 0 0 0 0 0 0 0 0 0.18181818181818182 0 0 0 0 0 0 0 0 0 0 0 0 0 0 0 0 0 0 0 0 0 0 0 0 0 0 0 0 0 0 0 0 0 0 0 0 0 0 0 0 0 0 0 0 0 0.18181818181818182 0 0 0 0 0 0 0 0 0 0 0 0 0 0 0 0 0 0 0 0 0 0 0 0 0 0 0 0 0 0 0 0 0 0 0 49.29525454545455 11.454545454545455 3.090909090909091 60.0 21.454545454545453 1.15 0.9545454545454546 2.2 2.694545454545455 2.0 2.5454545454545454 0.36363636363636365 2.1818181818181817 0.28205128205128205 0.358974358974359 0.05128205128205129 0.30769230769230765
0 0 0 0 0 0 0 0.6363636363636364 0 0 0 0 0 0 0 0 0 0 0 0 0 0 0 0 0 0 0 0 0 0 0 0 0 0 0 0 0 0 0 0 0 0 0 0 0 0 0 0 0 0 0 0 0 0 0 0 0 0 0 0 0 0 0.18181818181818182 0 0 0 0 0 0 0 0 0.18181818181818182 0 0 0 0 0 0 0 0 0 0 0 0 0 0 0 0 0 0 0 0 0 0 0 0 0 0 0 0 0 0 0 70.26398181818182 11.454545454545455 3.4545454545454546 64.0 29.636363636363637 1.25 1.0 2.255 2.6409090909090907 2.0 2.5454545454545454 0.36363636363636365 3.8181818181818183 0.22916666666666669 0.2916666666666667 0.04166666666666667 0.43750000000000006
0 0 0 0 0 0 0 0.6363636363636364 0 0 0 0 0 0 0 0 0 0 0 0 0 0 0 0 0 0 0 0 0 0 0 0 0 0 0 0 0 0 0 0 0 0 0 0 0 0 0 0 0 0 0 0 0 0 0 0 0 0 0 0 0 0 0.18181818181818182 0 0 0 0 0 0 0 0 0 0 0 0 0 0.18181818181818182 0 0 0 0 0 0 0 0 0 0 0 0 0 0 0 0 0 0 0 0 0 0 0 0 0 0 72.75980000000001 12.363636363636363 3.4545454545454546 69.0 30.545454545454547 1.25 0.9636363636363637 2.255 2.8045454545454542 2.0 2.5454545454545454 1.2727272727272727 3.8181818181818183 0.20754716981132074 0.2641509433962264 0.1320754716981132 0.39622641509433965
0 0 0 0 0 0 0 0.6363636363636364 0 0 0 0 0 0 0 0 0 0 0 0 0 0 0 0 0.18181818181818182 0 0 0 0 0 0 0 0 0 0 0 0 0 0 0 0 0 0 0 0 0 0 0 0 0 0 0 0 0 0 0 0 0 0 0 0 0 0.18181818181818182 0 0 0 0 0 0 0 0 0 0 0 0 0 0 0 0 0 0 0 0 0 0 0 0 0 0 0 0 0 0 0 0 0 0 0 0 0 0 0 0 47.79999 12.0 3.090909090909091 55.0 21.09090909090909 1.25 0.9727272727272727 2.255 2.686363636363636 2.0 2.5454545454545454 0.9090909090909091 1.2727272727272727 0.2972972972972973 0.37837837837837834 0.13513513513513511 0.18918918918918917
0 0 0 0 0 0 0 0.6363636363636364 0 0 0 0 0 0 0 0 0 0 0 0 0 0 0 0 0 0 0 0 0 0 0 0 0 0 0 0 0 0 0 0 0 0.18181818181818182 0 0 0 0 0 0 0 0 0 0 0 0 0 0 0 0 0 0 0 0 0.18181818181818182 0 0 0 0 0 0 0 0 0 0 0 0 0 0 0 0 0 0 0 0 0 0 0 0 0 0 0 0 0 0 0 0 0 0 0 0 0 0 0 0 55.25852727272727 11.818181818181818 3.272727272727273 55.0 24.181818181818183 1.25 0.9818181818181819 2.255 2.7972727272727274 1.8181818181818181 2.5454545454545454 0.9090909090909091 1.2727272727272727 0.27777777777777773 0.38888888888888884 0.13888888888888887 0.19444444444444442
0 0 0 0 0 0 0 0.6363636363636364 0 0 0 0 0 0 0 0 0 0 0 0 0 0 0 0 0 0 0 0 0 0 0 0 0 0 0 0 0 0 0 0 0 0 0 0 0 0 0 0 0 0 0 0 0 0 0 0 0 0 0 0 0 0 0.18181818181818182 0 0 0 0 0 0 0 0 0 0 0 0 0 0 0 0 0 0 0.18181818181818182 0 0 0 0 0 0 0 0 0 0 0 0 0 0 0 0 0 0 0 0 0 75.48398181818182 13.272727272727273 3.4545454545454546 74.0 31.454545454545453 1.25 1.0454545454545454 2.255 2.828181818181818 2.0 2.909090909090909 1.8181818181818181 3.8181818181818183 0.18965517241379312 0.27586206896551724 0.1724137931034483 0.36206896551724144
0 0 0 0 0 0 0 0.6363636363636364 0 0 0 0 0 0 0 0 0 0 0 0 0 0 0 0 0 0 0 0 0 0 0 0 0 0 0 0 0 0 0 0 0 0 0 0 0 0 0 0 0 0 0 0 0 0 0 0 0 0 0 0 0 0 0.18181818181818182 0 0 0 0 0 0 0 0 0 0 0 0 0 0 0.18181818181818182 0 0 0 0 0 0 0 0 0 0 0 0 0 0 0 0 0 0 0 0 0 0 0 0 0 73.28107272727273 12.545454545454545 3.4545454545454546 70.0 30.727272727272727 1.25 0.9636363636363637 2.255 2.819090909090909 1.8181818181818181 2.5454545454545454 1.6363636363636365 3.8181818181818183 0.18518518518518517 0.25925925925925924 0.16666666666666669 0.3888888888888889
0 0 0 0 0 0 0 0.6363636363636364 0 0 0 0 0 0 0 0 0 0 0 0 0 0 0 0 0 0 0 0 0 0 0 0 0 0 0 0 0 0 0 0 0 0 0 0.18181818181818182 0 0 0 0 0 0 0 0 0 0 0 0 0 0 0 0 0 0 0.18181818181818182 0 0 0 0 0 0 0 0 0 0 0 0 0 0 0 0 0 0 0 0 0 0 0 0 0 0 0 0 0 0 0 0 0 0 0 0 0 0 0 0 56.18761818181818 12.181818181818182 3.272727272727273 55.0 24.545454545454547 1.25 0.9545454545454546 2.255 2.8045454545454542 1.8181818181818181 2.5454545454545454 1.2727272727272727 1.2727272727272727 0.2631578947368421 0.3684210526315789 0.18421052631578946 0.18421052631578946
0 0 0 0 0 0 0 0.6363636363636364 0 0 0 0 0 0 0 0 0 0 0 0 0 0.18181818181818182 0 0 0 0 0 0 0 0 0 0 0 0 0 0 0 0 0 0 0 0 0 0 0 0 0 0 0 0 0 0 0 0 0 0 0 0 0 0 0 0 0.18181818181818182 0 0 0 0 0 0 0 0 0 0 0 0 0 0 0 0 0 0 0 0 0 0 0 0 0 0 0 0 0 0 0 0 0 0 0 0 0 0 0 0 46.51434545454545 11.454545454545455 3.090909090909091 55.0 20.545454545454547 1.25 0.9727272727272727 2.255 2.684545454545454 2.0 2.5454545454545454 0.36363636363636365 1.2727272727272727 0.3235294117647059 0.4117647058823529 0.05882352941176471 0.20588235294117646
0 0 0 0 0 0 0 0.6363636363636364 0 0 0 0 0 0 0 0 0 0 0 0 0 0 0 0 0 0 0 0 0 0 0 0 0 0 0 0 0 0 0 0.18181818181818182 0 0 0 0 0 0 0 0 0 0 0 0 0 0 0 0 0 0 0 0 0 0 0.18181818181818182 0 0 0 0 0 0 0 0 0 0 0 0 0 0 0 0 0 0 0 0 0 0 0 0 0 0 0 0 0 0 0 0 0 0 0 0 0 0 0 0 54.397436363636366 11.454545454545455 3.272727272727273 55.0 23.818181818181817 1.25 1.0 2.255 2.6463636363636365 2.0 2.5454545454545454 0.36363636363636365 1.2727272727272727 0.3235294117647059 0.4117647058823529 0.05882352941176471 0.20588235294117646
0 0 0 0 0 0 0 0.6363636363636364 0 0 0 0 0 0 0 0 0 0 0 0 0 0 0 0 0 0 0 0 0 0 0 0 0 0 0 0 0 0 0 0 0 0 0 0 0 0 0 0 0 0 0 0 0 0 0 0 0 0 0 0 0 0 0 0.18181818181818182 0 0 0 0 0 0 0 0.18181818181818182 0 0 0 0 0 0 0 0 0 0 0 0 0 0 0 0 0 0 0 0 0 0 0 0 0 0 0 0 0 0 0 71.22507272727273 11.454545454545455 3.4545454545454546 64.0 29.818181818181817 1.2000000000000002 0.990909090909091 2.24 2.6436363636363636 2.0 2.5454545454545454 0.5454545454545454 3.8181818181818183 0.22448979591836737 0.28571428571428575 0.061224489795918366 0.4285714285714286
0 0 0 0 0 0 0 0.6363636363636364 0 0 0 0 0 0 0 0 0 0 0 0 0 0 0 0 0 0 0 0 0 0 0 0 0 0 0 0 0 0 0 0 0 0 0 0.18181818181818182 0 0 0 0 0 0 0 0 0 0 0 0 0 0 0 0 0 0 0 0.18181818181818182 0 0 0 0 0 0 0 0 0 0 0 0 0 0 0 0 0 0 0 0 0 0 0 0 0 0 0 0 0 0 0 0 0 0 0 0 0 0 0 57.148709090909094 12.181818181818182 3.272727272727273 56.0 24.727272727272727 1.2000000000000002 0.9454545454545454 2.24 2.807272727272727 1.8181818181818181 2.5454545454545454 1.4545454545454546 1.2727272727272727 0.2564102564102564 0.358974358974359 0.20512820512820515 0.1794871794871795
0 0 0 0 0 0 0 0.6363636363636364 0 0 0 0 0 0 0 0 0 0 0 0 0 0.18181818181818182 0 0 0 0 0 0 0 0 0 0 0 0 0 0 0 0 0 0 0 0 0 0 0 0 0 0 0 0 0 0 0 0 0 0 0 0 0 0 0 0 0 0.18181818181818182 0 0 0 0 0 0 0 0 0 0 0 0 0 0 0 0 0 0 0 0 0 0 0 0 0 0 0 0 0 0 0 0 0 0 0 0 0 0 0 47.47543636363636 11.454545454545455 3.090909090909091 56.0 20.727272727272727 1.2000000000000002 0.9636363636363637 2.24 2.687272727272727 2.0 2.5454545454545454 0.5454545454545454 1.2727272727272727 0.3142857142857143 0.4 0.08571428571428572 0.2
0 0 0 0 0 0 0 0.6363636363636364 0 0 0 0 0 0 0 0 0 0 0 0 0 0 0 0 0 0 0 0 0 0 0 0 0 0 0 0 0 0 0 0.18181818181818182 0 0 0 0 0 0 0 0 0 0 0 0 0 0 0 0 0 0 0 0 0 0 0 0.18181818181818182 0 0 0 0 0 0 0 0 0 0 0 0 0 0 0 0 0 0 0 0 0 0 0 0 0 0 0 0 0 0 0 0 0 0 0 0 0 0 0 55.35852727272727 11.454545454545455 3.272727272727273 56.0 24.0 1.2000000000000002 0.990909090909091 2.24 2.649090909090909 2.0 2.5454545454545454 0.5454545454545454 1.2727272727272727 0.3142857142857143 0.4 0.08571428571428572 0.2
0 0 0 0 0 0 0 0.6363636363636364 0 0 0 0 0 0 0 0 0 0 0 0 0 0 0 0 0 0 0 0 0 0 0 0 0 0 0 0 0 0 0 0 0 0 0 0 0 0 0 0 0 0 0 0 0 0 0 0 0 0 0 0 0 0 0 0 0 0 0 0 0 0 0 0 0 0 0 0.18181818181818182 0 0 0 0.18181818181818182 0 0 0 0 0 0 0 0 0 0 0 0 0 0 0 0 0 0 0 0 0 0 0 81.23961818181819 13.818181818181818 3.4545454545454546 72.0 33.45454545454545 0.9 0.890909090909091 1.44 2.9527272727272726 2.0 2.5454545454545454 2.909090909090909 5.090909090909091 0.15942028985507248 0.2028985507246377 0.2318840579710145 0.4057971014492754
0 0 0 0 0 0 0 0.6363636363636364 0 0 0 0 0 0 0 0 0 0 0 0 0 0 0 0 0 0 0 0 0 0 0 0 0 0 0 0 0 0 0 0 0 0 0 0 0 0 0 0 0 0 0 0 0 0 0 0 0 0 0 0 0 0 0 0 0 0 0 0 0 0 0 0 0 0 0 0 0 0.18181818181818182 0 0.18181818181818182 0 0 0 0 0 0 0 0 0 0 0 0 0 0 0 0 0 0 0 0 0 0 0 82.12216363636364 14.181818181818182 3.4545454545454546 72.0 33.81818181818182 0.9 0.9 1.44 2.9672727272727273 1.8181818181818181 2.5454545454545454 3.4545454545454546 5.090909090909091 0.14084507042253522 0.1971830985915493 0.26760563380281693 0.3943661971830986
0 0 0 0 0 0 0 0.6363636363636364 0 0 0 0 0 0 0 0 0 0 0 0 0 0 0 0 0 0 0 0 0 0 0 0 0 0 0 0 0 0 0 0 0 0 0 0 0 0 0 0 0 0 0.18181818181818182 0 0 0 0 0 0 0 0 0 0 0 0 0 0 0 0 0 0 0 0 0 0 0 0 0 0 0 0 0.18181818181818182 0 0 0 0 0 0 0 0 0 0 0 0 0 0 0 0 0 0 0 0 0 0 0 68.79052727272727 15.090909090909092 3.272727272727273 72.0 28.90909090909091 0.9 0.9181818181818183 1.44 2.9254545454545453 2.0 3.090909090909091 3.6363636363636362 2.5454545454545454 0.17741935483870966 0.27419354838709675 0.3225806451612903 0.22580645161290322
0 0 0 0 0 0 0 0.6363636363636364 0 0 0 0 0 0 0 0 0 0 0 0 0 0 0 0 0 0 0 0 0 0 0 0.18181818181818182 0 0 0 0 0 0 0 0 0 0 0 0 0 0 0 0 0 0 0 0 0 0 0 0 0 0 0 0 0 0 0 0 0 0 0.18181818181818182 0 0 0 0 0 0 0 0 0 0 0 0 0 0 0 0 0 0 0 0 0 0 0 0 0 0 0 0 0 0 0 0 0 0 0 0 53.376039999999996 13.272727272727273 3.090909090909091 59.0 23.09090909090909 1.15 0.9272727272727272 2.21 2.778181818181818 2.0 2.909090909090909 1.8181818181818181 2.0 0.22916666666666669 0.33333333333333337 0.20833333333333334 0.22916666666666669
0 0 0 0 0 0 0 0.6363636363636364 0 0 0 0 0 0 0 0 0 0 0 0 0 0 0 0 0 0 0 0 0 0 0 0 0 0 0 0 0 0 0 0 0 0 0 0 0 0 0 0 0 0 0 0 0 0 0 0 0 0 0 0 0 0 0 0 0 0 0.18181818181818182 0 0 0 0 0.18181818181818182 0 0 0 0 0 0 0 0 0 0 0 0 0 0 0 0 0 0 0 0 0 0 0 0 0 0 0 0 0 0 0 72.62149454545455 11.454545454545455 3.4545454545454546 64.0 30.363636363636363 1.15 0.9818181818181819 2.21 2.649090909090909 2.0 2.5454545454545454 0.36363636363636365 4.545454545454546 0.21153846153846154 0.2692307692307692 0.038461538461538464 0.4807692307692308
0 0 0 0 0 0 0 0.6363636363636364 0 0 0 0 0 0 0 0 0 0 0 0 0 0 0 0 0 0 0 0 0 0 0 0 0 0 0 0 0 0 0 0 0 0 0 0 0 0 0 0 0 0 0 0 0 0 0 0 0 0 0 0 0 0 0 0 0 0 0.18181818181818182 0 0 0 0 0 0 0 0 0 0 0 0 0 0 0.18181818181818182 0 0 0 0 0 0 0 0 0 0 0 0 0 0 0 0 0 0 0 0 0 77.84149454545455 13.272727272727273 3.4545454545454546 74.0 32.18181818181818 1.2000000000000002 1.0272727272727273 2.21 2.8363636363636364 2.0 2.909090909090909 1.8181818181818181 4.545454545454546 0.17741935483870966 0.25806451612903225 0.16129032258064516 0.40322580645161293
0 0 0 0 0 0 0 0.6363636363636364 0 0 0 0 0 0 0 0 0 0 0 0 0 0 0 0 0 0 0 0 0 0 0 0 0 0 0 0 0 0 0 0 0 0 0 0 0 0 0 0 0 0 0 0 0 0 0 0 0 0 0 0 0 0 0 0 0 0 0.18181818181818182 0 0 0 0 0 0 0 0 0 0 0.18181818181818182 0 0 0 0 0 0 0 0 0 0 0 0 0 0 0 0 0 0 0 0 0 0 0 0 0 75.63858545454546 12.545454545454545 3.4545454545454546 70.0 31.454545454545453 1.15 0.9454545454545454 2.21 2.827272727272727 1.8181818181818181 2.5454545454545454 1.6363636363636365 4.545454545454546 0.1724137931034483 0.2413793103448276 0.15517241379310345 0.4310344827586208
0 0 0 0 0 0 0 0.6363636363636364 0 0 0 0 0 0 0 0 0 0 0 0 0 0 0 0 0 0 0 0 0 0 0 0 0 0 0 0 0 0 0 0 0 0 0 0.18181818181818182 0 0 0 0 0 0 0 0 0 0 0 0 0 0 0 0 0 0 0 0 0 0 0.18181818181818182 0 0 0 0 0 0 0 0 0 0 0 0 0 0 0 0 0 0 0 0 0 0 0 0 0 0 0 0 0 0 0 0 0 0 0 0 58.54513090909091 12.181818181818182 3.272727272727273 59.0 25.272727272727273 1.15 0.9363636363636364 2.21 2.8127272727272725 1.8181818181818181 2.5454545454545454 1.2727272727272727 2.0 0.23809523809523808 0.3333333333333333 0.16666666666666666 0.2619047619047619
0 0 0 0 0 0 0 0.6363636363636364 0 0 0 0 0 0 0 0 0 0 0 0 0 0 0 0 0 0 0 0 0 0 0 0 0 0 0 0 0 0 0 0 0 0 0 0 0 0 0 0 0 0.18181818181818182 0 0 0 0 0 0 0 0 0 0 0 0 0 0 0 0 0.18181818181818182 0 0 0 0 0 0 0 0 0 0 0 0 0 0 0 0 0 0 0 0 0 0 0 0 0 0 0 0 0 0 0 0 0 0 0 0 61.75240363636363 13.272727272727273 3.272727272727273 59.0 26.363636363636363 1.15 0.9636363636363637 2.21 2.769090909090909 2.0 2.909090909090909 1.8181818181818181 2.0 0.22916666666666669 0.33333333333333337 0.20833333333333334 0.22916666666666669
0 0 0 0 0 0 0 0.6363636363636364 0 0 0 0 0 0 0 0 0 0 0 0 0 0.18181818181818182 0 0 0 0 0 0 0 0 0 0 0 0 0 0 0 0 0 0 0 0 0 0 0 0 0 0 0 0 0 0 0 0 0 0 0 0 0 0 0 0 0 0 0 0 0.18181818181818182 0 0 0 0 0 0 0 0 0 0 0 0 0 0 0 0 0 0 0 0 0 0 0 0 0 0 0 0 0 0 0 0 0 0 0 0 48.871858181818176 11.454545454545455 3.090909090909091 59.0 21.272727272727273 1.15 0.9545454545454546 2.21 2.6927272727272724 2.0 2.5454545454545454 0.36363636363636365 2.0 0.2894736842105263 0.3684210526315789 0.052631578947368425 0.2894736842105263
0 0 0 0 0 0 0 0.6363636363636364 0 0 0 0 0 0 0 0 0 0 0 0 0 0 0 0 0 0 0 0 0 0 0 0.18181818181818182 0 0 0 0 0 0 0 0 0 0 0 0 0 0 0 0 0.18181818181818182 0 0 0 0 0 0 0 0 0 0 0 0 0 0 0 0 0 0 0 0 0 0 0 0 0 0 0 0 0 0 0 0 0 0 0 0 0 0 0 0 0 0 0 0 0 0 0 0 0 0 0 0 0 0 44.264709090909086 15.090909090909092 2.909090909090909 41.0 19.818181818181817 0.9500000000000001 0.890909090909091 1.66 2.878181818181818 2.0 3.090909090909091 3.6363636363636362 0.0 0.22916666666666669 0.3541666666666667 0.4166666666666667 0.0
0 0 0 0 0 0 0 0.6363636363636364 0 0 0 0 0 0 0 0 0 0 0 0 0 0 0 0 0 0 0 0 0 0 0 0 0 0 0 0 0 0 0 0 0 0 0 0 0 0 0 0 0.18181818181818182 0 0 0 0 0 0 0 0 0 0 0 0 0 0 0 0 0 0 0 0 0 0 0 0 0 0 0 0 0.18181818181818182 0 0 0 0 0 0 0 0 0 0 0 0 0 0 0 0 0 0 0 0 0 0 0 0 0 66.52725454545454 14.363636363636363 3.272727272727273 70.0 28.181818181818183 0.9500000000000001 0.9090909090909091 1.66 2.927272727272727 1.8181818181818181 2.727272727272727 3.4545454545454546 2.5454545454545454 0.1724137931034483 0.25862068965517243 0.32758620689655177 0.2413793103448276
0 0 0 0 0 0 0 0.6363636363636364 0 0 0 0 0 0 0 0 0 0 0 0 0 0 0 0 0 0 0 0 0 0 0 0 0 0 0 0 0 0 0 0 0 0 0 0 0 0 0 0 0 0 0 0 0 0 0 0 0 0 0 0 0 0 0 0 0 0 0 0 0 0 0 0 0 0 0 0 0.18181818181818182 0 0 0 0 0.18181818181818182 0 0 0 0 0 0 0 0 0 0 0 0 0 0 0 0 0 0 0 0 0 82.8027090909091 14.363636363636363 3.4545454545454546 74.0 34.0 1.2000000000000002 0.9545454545454546 1.2399999999999998 3.0127272727272727 2.0 2.909090909090909 3.090909090909091 5.090909090909091 0.15277777777777776 0.2222222222222222 0.23611111111111108 0.38888888888888884
0 0 0 0 0 0 0 0.6363636363636364 0 0 0 0 0 0 0 0 0 0 0 0 0 0 0 0 0 0 0 0 0 0 0 0 0 0 0 0 0 0 0 0 0 0 0 0 0 0 0 0 0 0 0 0 0 0 0 0 0.18181818181818182 0.18181818181818182 0 0 0 0 0 0 0 0 0 0 0 0 0 0 0 0 0 0 0 0 0 0 0 0 0 0 0 0 0 0 0 0 0 0 0 0 0 0 0 0 0 0 0 0 0 60.91261272727274 11.272727272727273 3.4545454545454546 50.0 26.0 1.35 1.0727272727272728 2.34 2.5927272727272728 2.0 2.5454545454545454 0.36363636363636365 0.18181818181818182 0.39285714285714285 0.5 0.07142857142857144 0.03571428571428572
0 0 0 0 0 0 0 0.6363636363636364 0 0 0 0 0 0 0 0 0 0 0 0 0 0 0 0 0 0 0 0 0 0 0 0 0 0 0 0 0 0 0 0 0 0 0 0 0 0 0 0 0 0 0 0 0 0 0 0 0.18181818181818182 0 0 0 0 0 0 0 0 0 0 0 0 0 0 0.18181818181818182 0 0 0 0 0 0 0 0 0 0 0 0 0 0 0 0 0 0 0 0 0 0 0 0 0 0 0 0 0 0 0 67.88970363636365 11.454545454545455 3.4545454545454546 64.0 28.545454545454547 1.35 1.018181818181818 2.34 2.6254545454545455 2.0 2.5454545454545454 0.5454545454545454 2.5454545454545454 0.2619047619047619 0.3333333333333333 0.07142857142857142 0.3333333333333333
0 0 0 0 0 0 0 0.6363636363636364 0 0 0 0 0 0 0 0 0 0 0 0 0 0 0 0 0 0 0 0 0 0 0 0 0 0 0 0 0 0 0 0 0 0 0 0 0 0 0 0 0 0 0 0 0 0 0 0 0.18181818181818182 0 0 0 0 0 0 0 0 0 0 0 0 0 0 0 0 0 0 0 0 0.18181818181818182 0 0 0 0 0 0 0 0 0 0 0 0 0 0 0 0 0 0 0 0 0 0 0 0 0 70.90679454545455 12.545454545454545 3.4545454545454546 70.0 29.636363636363637 1.35 0.9818181818181819 2.34 2.8036363636363633 1.8181818181818181 2.5454545454545454 1.8181818181818181 2.5454545454545454 0.20833333333333334 0.2916666666666667 0.20833333333333334 0.2916666666666667
0 0 0 0 0 0 0 0.6363636363636364 0 0 0 0 0 0 0 0 0 0 0 0 0 0 0 0 0 0 0 0 0 0 0 0 0 0 0 0 0 0 0 0 0 0 0 0 0 0 0 0 0 0.18181818181818182 0 0 0 0 0 0 0.18181818181818182 0 0 0 0 0 0 0 0 0 0 0 0 0 0 0 0 0 0 0 0 0 0 0 0 0 0 0 0 0 0 0 0 0 0 0 0 0 0 0 0 0 0 0 0 0 0 57.020612727272734 13.272727272727273 3.272727272727273 49.0 24.545454545454547 1.35 1.0 2.34 2.7454545454545456 2.0 2.909090909090909 2.0 0.0 0.2894736842105263 0.4210526315789474 0.2894736842105263 0.0
0 0 0 0 0 0 0 0.6363636363636364 0 0 0 0 0 0 0 0 0 0 0 0 0 0.18181818181818182 0 0 0 0 0 0 0 0 0 0 0 0 0 0 0 0 0 0 0 0 0 0 0 0 0 0 0 0 0 0 0 0 0 0 0.18181818181818182 0 0 0 0 0 0 0 0 0 0 0 0 0 0 0 0 0 0 0 0 0 0 0 0 0 0 0 0 0 0 0 0 0 0 0 0 0 0 0 0 0 0 0 0 0 0 44.14006727272727 11.454545454545455 3.090909090909091 49.0 19.454545454545453 1.35 0.9909090909090907 2.34 2.669090909090909 2.0 2.5454545454545454 0.5454545454545454 0.0 0.39285714285714285 0.5 0.10714285714285714 0.0
0 0 0 0 0 0 0 0.6363636363636364 0 0 0 0 0 0 0 0 0 0 0 0 0 0 0 0 0 0 0 0 0 0 0 0 0 0 0 0 0 0 0 0.18181818181818182 0 0 0 0 0 0 0 0 0 0 0 0 0 0 0 0 0.18181818181818182 0 0 0 0 0 0 0 0 0 0 0 0 0 0 0 0 0 0 0 0 0 0 0 0 0 0 0 0 0 0 0 0 0 0 0 0 0 0 0 0 0 0 0 0 0 0 52.02315818181819 11.454545454545455 3.272727272727273 49.0 22.727272727272727 1.35 1.018181818181818 2.34 2.630909090909091 2.0 2.5454545454545454 0.5454545454545454 0.0 0.39285714285714285 0.5 0.10714285714285714 0.0
0 0 0 0 0 0 0 0.6363636363636364 0 0 0 0 0 0 0 0 0 0 0 0 0 0 0 0 0 0 0.18181818181818182 0 0 0 0 0 0 0 0 0 0 0 0 0 0 0 0 0 0 0 0 0 0 0 0 0 0 0 0 0 0 0 0 0 0 0 0 0 0 0 0 0 0 0 0.18181818181818182 0 0 0 0 0 0 0 0 0 0 0 0 0 0 0 0 0 0 0 0 0 0 0 0 0 0 0 0 0 0 0 0 52.70870818181818 12.363636363636363 3.090909090909091 63.0 22.90909090909091 1.15 0.9454545454545454 2.17 2.7618181818181817 2.0 2.5454545454545454 1.4545454545454546 2.5454545454545454 0.23404255319148937 0.2978723404255319 0.17021276595744683 0.2978723404255319
0 0 0 0 0 0 0 0.6363636363636364 0 0 0 0 0 0 0 0 0 0 0 0 0 0 0 0 0.18181818181818182 0 0 0 0 0 0 0 0 0 0 0 0 0 0 0 0 0 0 0 0 0 0 0 0 0 0 0 0 0 0 0 0 0 0 0 0 0 0 0 0 0 0 0 0 0 0.18181818181818182 0 0 0 0 0 0 0 0 0 0 0 0 0 0 0 0 0 0 0 0 0 0 0 0 0 0 0 0 0 0 0 0 51.98231727272728 12.0 3.090909090909091 63.0 22.545454545454547 1.15 0.9545454545454546 2.17 2.7018181818181817 2.0 2.5454545454545454 1.0909090909090908 2.5454545454545454 0.24444444444444444 0.3111111111111111 0.13333333333333333 0.3111111111111111
0 0 0 0 0 0 0 0.6363636363636364 0 0 0 0 0 0 0 0 0 0 0 0 0 0 0 0 0 0 0 0 0 0 0 0 0 0 0 0 0 0 0 0 0 0 0 0 0 0 0 0 0 0 0 0 0 0 0 0 0 0 0 0 0 0 0 0 0 0 0 0 0 0 0.18181818181818182 0 0 0 0 0 0 0 0 0 0 0.18181818181818182 0 0 0 0 0 0 0 0 0 0 0 0 0 0 0 0 0 0 0 0 0 79.66630909090908 13.272727272727273 3.4545454545454546 74.0 32.90909090909091 1.2000000000000002 1.0272727272727273 2.17 2.8436363636363633 2.0 2.909090909090909 2.0 5.090909090909091 0.16666666666666666 0.24242424242424243 0.16666666666666666 0.42424242424242425
0 0 0 0 0 0 0 0.6363636363636364 0 0 0 0 0 0 0 0 0 0 0 0 0 0 0 0 0 0 0 0 0 0 0 0 0 0 0 0 0 0 0 0 0 0 0 0 0 0 0 0 0 0 0 0 0 0 0 0 0 0 0 0 0 0 0 0 0 0 0 0 0 0 0.18181818181818182 0 0 0 0 0 0 0.18181818181818182 0 0 0 0 0 0 0 0 0 0 0 0 0 0 0 0 0 0 0 0 0 0 0 0 0 77.4634 12.545454545454545 3.4545454545454546 70.0 32.18181818181818 1.15 0.9454545454545454 2.17 2.8345454545454545 1.8181818181818181 2.5454545454545454 1.8181818181818181 5.090909090909091 0.16129032258064516 0.22580645161290322 0.16129032258064516 0.45161290322580644
0 0 0 0 0 0 0 0.6363636363636364 0 0 0 0 0 0 0 0 0 0 0 0 0 0 0 0 0 0 0 0 0 0 0 0 0 0 0 0 0 0 0 0 0 0 0 0.18181818181818182 0 0 0 0 0 0 0 0 0 0 0 0 0 0 0 0 0 0 0 0 0 0 0 0 0 0 0.18181818181818182 0 0 0 0 0 0 0 0 0 0 0 0 0 0 0 0 0 0 0 0 0 0 0 0 0 0 0 0 0 0 0 0 60.36994545454545 12.181818181818182 3.272727272727273 63.0 26.0 1.15 0.9363636363636364 2.17 2.82 1.8181818181818181 2.5454545454545454 1.4545454545454546 2.5454545454545454 0.21739130434782608 0.30434782608695654 0.1739130434782609 0.30434782608695654
0 0 0 0 0 0 0 0.6363636363636364 0 0 0 0 0 0 0 0 0 0 0 0 0 0 0 0 0 0 0 0 0 0 0 0 0 0 0 0 0 0 0 0 0 0 0 0 0 0 0 0 0 0.18181818181818182 0 0 0 0 0 0 0 0 0 0 0 0 0 0 0 0 0 0 0 0 0.18181818181818182 0 0 0 0 0 0 0 0 0 0 0 0 0 0 0 0 0 0 0 0 0 0 0 0 0 0 0 0 0 0 0 0 63.57721818181819 13.272727272727273 3.272727272727273 63.0 27.09090909090909 1.15 0.9636363636363637 2.17 2.7763636363636364 2.0 2.909090909090909 2.0 2.5454545454545454 0.21153846153846154 0.3076923076923077 0.21153846153846154 0.2692307692307692
0 0 0 0 0 0 0 0.6363636363636364 0 0 0 0 0 0 0 0 0 0 0 0 0 0.18181818181818182 0 0 0 0 0 0 0 0 0 0 0 0 0 0 0 0 0 0 0 0 0 0 0 0 0 0 0 0 0 0 0 0 0 0 0 0 0 0 0 0 0 0 0 0 0 0 0 0 0.18181818181818182 0 0 0 0 0 0 0 0 0 0 0 0 0 0 0 0 0 0 0 0 0 0 0 0 0 0 0 0 0 0 0 0 50.69667272727273 11.454545454545455 3.090909090909091 63.0 22.0 1.15 0.9545454545454546 2.17 2.6999999999999997 2.0 2.5454545454545454 0.5454545454545454 2.5454545454545454 0.2619047619047619 0.3333333333333333 0.07142857142857142 0.3333333333333333
0 0 0 0 0 0 0 0.6363636363636364 0 0 0 0 0 0 0 0 0 0 0 0 0 0 0.18181818181818182 0 0 0 0 0 0 0 0 0 0 0 0 0 0 0 0 0 0 0 0 0 0 0 0 0 0 0 0 0 0 0 0 0 0 0 0 0 0 0 0 0 0 0 0 0 0 0 0.18181818181818182 0 0 0 0 0 0 0 0 0 0 0 0 0 0 0 0 0 0 0 0 0 0 0 0 0 0 0 0 0 0 0 0 51.25567272727273 11.636363636363637 3.090909090909091 63.0 22.181818181818183 1.15 0.9454545454545454 2.17 2.7163636363636363 2.0 2.5454545454545454 0.7272727272727273 2.5454545454545454 0.2558139534883721 0.3255813953488372 0.09302325581395349 0.3255813953488372
0 0 0 0 0 0 0 0.6363636363636364 0 0 0 0 0 0 0 0 0 0 0 0 0 0 0 0 0.18181818181818182 0 0 0 0 0 0 0 0 0 0 0 0 0 0 0 0 0 0 0 0 0 0 0 0.18181818181818182 0 0 0 0 0 0 0 0 0 0 0 0 0 0 0 0 0 0 0 0 0 0 0 0 0 0 0 0 0 0 0 0 0 0 0 0 0 0 0 0 0 0 0 0 0 0 0 0 0 0 0 0 0 0 41.04617181818182 13.818181818181818 2.909090909090909 41.0 18.545454545454547 0.9500000000000001 0.9181818181818183 1.89 2.7945454545454544 2.0 2.727272727272727 2.727272727272727 0.0 0.2682926829268293 0.36585365853658536 0.36585365853658536 0.0
0 0 0 0 0 0 0 0.6363636363636364 0 0 0 0 0 0 0 0 0 0 0 0 0 0 0 0 0.18181818181818182 0 0 0 0 0 0 0 0 0 0 0 0 0 0 0 0 0 0 0 0 0 0 0 0 0 0.18181818181818182 0 0 0 0 0 0 0 0 0 0 0 0 0 0 0 0 0 0 0 0 0 0 0 0 0 0 0 0 0 0 0 0 0 0 0 0 0 0 0 0 0 0 0 0 0 0 0 0 0 0 0 0 42.308353636363634 14.181818181818182 2.909090909090909 43.0 18.90909090909091 0.85 0.8999999999999999 1.89 2.8436363636363633 2.0 3.090909090909091 2.727272727272727 0.0 0.2558139534883721 0.3953488372093023 0.34883720930232553 0.0
0 0 0 0 0 0 0 0.6363636363636364 0 0 0 0 0 0 0 0 0 0 0 0 0 0 0 0 0.18181818181818182 0 0 0 0 0 0 0 0 0 0 0 0 0 0 0 0 0 0 0 0 0 0 0 0 0 0 0 0 0 0 0 0 0 0 0 0 0 0 0 0 0 0 0 0 0 0 0 0 0 0 0 0 0 0 0 0.18181818181818182 0 0 0 0 0 0 0 0 0 0 0 0 0 0 0 0 0 0 0 0 0 0 57.33077181818182 13.818181818181818 3.090909090909091 73.0 24.363636363636363 1.2999999999999998 0.9818181818181819 1.89 2.765454545454545 2.0 2.727272727272727 2.727272727272727 2.5454545454545454 0.2 0.2727272727272727 0.2727272727272727 0.2545454545454545
0 0 0 0 0 0 0 0.6363636363636364 0 0 0 0 0 0 0 0 0 0 0 0 0 0 0 0 0 0 0 0 0 0 0 0 0 0 0 0 0 0 0 0 0.18181818181818182 0 0 0 0 0 0 0.18181818181818182 0 0 0 0 0 0 0 0 0 0 0 0 0 0 0 0 0 0 0 0 0 0 0 0 0 0 0 0 0 0 0 0 0 0 0 0 0 0 0 0 0 0 0 0 0 0 0 0 0 0 0 0 0 0 0 47.511869090909094 13.272727272727273 3.090909090909091 40.0 21.272727272727273 0.9500000000000001 0.9272727272727272 1.8399999999999999 2.787272727272727 1.8181818181818181 2.5454545454545454 2.5454545454545454 0.0 0.2631578947368421 0.3684210526315789 0.3684210526315789 0.0
0 0 0 0 0 0 0 0.6363636363636364 0 0 0 0 0 0 0 0 0 0 0 0 0 0 0 0 0 0 0 0 0 0 0 0 0 0 0 0 0 0 0 0 0.18181818181818182 0 0 0 0 0 0 0 0 0 0 0 0 0 0 0 0 0 0 0 0 0 0 0 0 0 0 0 0 0 0 0 0 0 0 0 0 0 0 0.18181818181818182 0 0 0 0 0 0 0 0 0 0 0 0 0 0 0 0 0 0 0 0 0 0 0 63.54441454545454 13.272727272727273 3.272727272727273 72.0 27.09090909090909 0.9 0.9181818181818183 1.8399999999999999 2.8436363636363633 1.8181818181818181 2.5454545454545454 2.5454545454545454 2.5454545454545454 0.1923076923076923 0.2692307692307692 0.2692307692307692 0.2692307692307692
0 0 0 0 0 0 0 0.6363636363636364 0 0 0 0 0 0 0 0 0 0 0 0 0 0 0 0 0 0 0 0 0 0 0 0 0 0 0 0 0 0 0 0 0.18181818181818182 0 0 0 0 0 0 0 0 0 0 0 0 0 0 0 0 0 0 0 0 0 0 0 0 0 0 0 0 0 0 0 0 0 0 0 0 0 0 0 0 0.18181818181818182 0 0 0 0 0 0 0 0 0 0 0 0 0 0 0 0 0 0 0 0 0 64.74623272727273 13.636363636363637 3.272727272727273 74.0 27.454545454545453 1.2000000000000002 0.9727272727272727 1.8399999999999999 2.9036363636363633 1.8181818181818181 2.909090909090909 2.5454545454545454 2.5454545454545454 0.18518518518518517 0.2962962962962963 0.25925925925925924 0.25925925925925924
0 0 0 0 0 0 0 0.6363636363636364 0 0 0 0 0 0 0 0 0 0 0 0 0 0 0 0 0 0 0 0 0 0 0 0 0 0 0 0 0 0 0 0 0.18181818181818182 0 0 0 0 0 0 0 0 0 0 0 0 0 0 0 0 0 0 0 0 0 0 0 0 0 0 0 0 0 0 0 0 0 0 0 0 0 0 0 0.18181818181818182 0 0 0 0 0 0 0 0 0 0 0 0 0 0 0 0 0 0 0 0 0 0 64.23410545454546 13.454545454545455 3.272727272727273 73.0 27.272727272727273 1.2999999999999998 0.9909090909090907 1.8399999999999999 2.7745454545454544 1.8181818181818181 2.727272727272727 2.5454545454545454 2.5454545454545454 0.18867924528301885 0.2830188679245283 0.2641509433962264 0.2641509433962264
0 0 0 0 0 0 0 0.6363636363636364 0 0 0 0 0 0 0 0 0 0 0 0 0 0 0 0 0 0 0 0 0 0 0 0 0 0 0 0 0 0 0 0 0 0 0 0 0 0 0 0 0 0 0 0 0 0 0 0 0 0 0 0.18181818181818182 0 0 0 0 0 0 0 0 0 0 0 0.18181818181818182 0 0 0 0 0 0 0 0 0 0 0 0 0 0 0 0 0 0 0 0 0 0 0 0 0 0 0 0 0 0 0 68.85998181818182 11.454545454545455 3.4545454545454546 64.0 29.09090909090909 1.25 1.0 2.3 2.6327272727272724 2.0 2.5454545454545454 0.36363636363636365 3.272727272727273 0.24444444444444444 0.3111111111111111 0.044444444444444446 0.4
0 0 0 0 0 0 0 0.6363636363636364 0 0 0 0 0 0 0 0 0 0 0 0 0 0 0 0 0 0 0 0 0 0 0 0 0 0 0 0 0 0 0 0 0 0 0 0 0 0 0 0 0 0 0 0 0 0 0 0 0 0 0 0.18181818181818182 0 0 0 0 0 0 0 0 0 0 0 0 0 0 0 0 0.18181818181818182 0 0 0 0 0 0 0 0 0 0 0 0 0 0 0 0 0 0 0 0 0 0 0 0 0 0 71.3558 12.363636363636363 3.4545454545454546 69.0 30.0 1.25 0.9636363636363637 2.3 2.7963636363636364 2.0 2.5454545454545454 1.2727272727272727 3.272727272727273 0.21999999999999997 0.27999999999999997 0.13999999999999999 0.36
0 0 0 0 0 0 0 0.6363636363636364 0 0 0 0 0 0 0 0 0 0 0 0 0 0 0 0 0 0 0 0 0 0 0 0 0 0 0 0 0 0 0 0 0 0.18181818181818182 0 0 0 0 0 0 0 0 0 0 0 0 0 0 0 0 0 0.18181818181818182 0 0 0 0 0 0 0 0 0 0 0 0 0 0 0 0 0 0 0 0 0 0 0 0 0 0 0 0 0 0 0 0 0 0 0 0 0 0 0 0 0 0 0 53.854527272727275 11.818181818181818 3.272727272727273 52.0 23.636363636363637 1.25 0.9818181818181819 2.3 2.789090909090909 1.8181818181818181 2.5454545454545454 0.9090909090909091 0.7272727272727273 0.30303030303030304 0.42424242424242425 0.15151515151515152 0.12121212121212122
0 0 0 0 0 0 0 0.6363636363636364 0 0 0 0 0 0 0 0 0 0 0 0 0 0 0 0 0 0 0 0 0 0 0 0 0 0 0 0 0 0 0 0 0 0 0 0 0 0 0 0 0 0 0 0 0 0 0 0 0 0 0 0.18181818181818182 0 0 0 0 0 0 0 0 0 0 0 0 0 0 0 0 0 0.18181818181818182 0 0 0 0 0 0 0 0 0 0 0 0 0 0 0 0 0 0 0 0 0 0 0 0 0 71.87707272727273 12.545454545454545 3.4545454545454546 70.0 30.181818181818183 1.25 0.9636363636363637 2.3 2.8109090909090906 1.8181818181818181 2.5454545454545454 1.6363636363636365 3.272727272727273 0.196078431372549 0.2745098039215686 0.17647058823529413 0.35294117647058826
0 0 0 0 0 0 0 0.6363636363636364 0 0 0 0 0 0 0 0 0 0 0 0 0 0 0 0 0 0 0 0 0 0 0 0 0 0 0 0 0 0 0 0 0 0 0 0.18181818181818182 0 0 0 0 0 0 0 0 0 0 0 0 0 0 0 0.18181818181818182 0 0 0 0 0 0 0 0 0 0 0 0 0 0 0 0 0 0 0 0 0 0 0 0 0 0 0 0 0 0 0 0 0 0 0 0 0 0 0 0 0 0 0 54.78361818181818 12.181818181818182 3.272727272727273 52.0 24.0 1.25 0.9545454545454546 2.3 2.7963636363636364 1.8181818181818181 2.5454545454545454 1.2727272727272727 0.7272727272727273 0.2857142857142857 0.4 0.2 0.1142857142857143
0 0 0 0 0 0 0 0.6363636363636364 0 0 0 0 0 0 0 0 0 0 0 0 0 0 0 0 0 0 0 0 0 0 0 0 0 0 0 0 0 0 0 0 0 0 0 0 0 0 0 0 0 0.18181818181818182 0 0 0 0 0 0 0 0 0 0.18181818181818182 0 0 0 0 0 0 0 0 0 0 0 0 0 0 0 0 0 0 0 0 0 0 0 0 0 0 0 0 0 0 0 0 0 0 0 0 0 0 0 0 0 0 0 57.990890909090915 13.272727272727273 3.272727272727273 52.0 25.09090909090909 1.25 0.9818181818181819 2.3 2.7527272727272725 2.0 2.909090909090909 1.8181818181818181 0.7272727272727273 0.2682926829268293 0.3902439024390244 0.24390243902439024 0.0975609756097561
0 0 0 0 0 0 0 0.6363636363636364 0 0 0 0 0 0 0 0 0 0 0 0 0 0 0 0 0 0 0 0 0 0 0 0 0 0 0 0 0 0 0 0 0 0 0.18181818181818182 0 0 0 0 0 0 0 0 0 0 0 0 0 0 0 0 0.18181818181818182 0 0 0 0 0 0 0 0 0 0 0 0 0 0 0 0 0 0 0 0 0 0 0 0 0 0 0 0 0 0 0 0 0 0 0 0 0 0 0 0 0 0 0 54.22543636363636 12.0 3.272727272727273 52.0 23.818181818181817 1.25 0.9636363636363637 2.3 2.7418181818181817 2.0 2.5454545454545454 0.9090909090909091 0.7272727272727273 0.3235294117647059 0.4117647058823529 0.14705882352941177 0.11764705882352942
0 0 0 0 0 0 0 0.6363636363636364 0 0 0 0 0 0 0 0 0 0 0 0 0 0.18181818181818182 0 0 0 0 0 0 0 0 0 0 0 0 0 0 0 0 0 0 0 0 0 0 0 0 0 0 0 0 0 0 0 0 0 0 0 0 0 0.18181818181818182 0 0 0 0 0 0 0 0 0 0 0 0 0 0 0 0 0 0 0 0 0 0 0 0 0 0 0 0 0 0 0 0 0 0 0 0 0 0 0 0 0 0 0 45.11034545454545 11.454545454545455 3.090909090909091 52.0 20.0 1.25 0.9727272727272727 2.3 2.6763636363636363 2.0 2.5454545454545454 0.36363636363636365 0.7272727272727273 0.3548387096774193 0.45161290322580644 0.06451612903225806 0.12903225806451613
0 0 0 0 0 0 0 0.6363636363636364 0 0 0 0 0 0 0 0 0 0 0 0 0 0 0.18181818181818182 0 0 0 0 0 0 0 0 0 0 0 0 0 0 0 0 0 0 0 0 0 0 0 0 0 0 0 0 0 0 0 0 0 0 0 0 0.18181818181818182 0 0 0 0 0 0 0 0 0 0 0 0 0 0 0 0 0 0 0 0 0 0 0 0 0 0 0 0 0 0 0 0 0 0 0 0 0 0 0 0 0 0 0 45.66934545454546 11.636363636363637 3.090909090909091 52.0 20.181818181818183 1.25 0.9636363636363637 2.3 2.6927272727272724 2.0 2.5454545454545454 0.5454545454545454 0.7272727272727273 0.34375 0.4375 0.09374999999999999 0.125
0 0 0 0 0 0 0 0.6363636363636364 0 0 0 0 0 0 0 0 0 0 0 0 0 0 0 0 0 0 0 0 0 0 0 0 0 0 0 0 0 0 0 0.18181818181818182 0 0 0 0 0 0 0 0 0 0 0 0 0 0 0 0 0 0 0 0.18181818181818182 0 0 0 0 0 0 0 0 0 0 0 0 0 0 0 0 0 0 0 0 0 0 0 0 0 0 0 0 0 0 0 0 0 0 0 0 0 0 0 0 0 0 0 52.99343636363637 11.454545454545455 3.272727272727273 52.0 23.272727272727273 1.25 1.0 2.3 2.6381818181818177 2.0 2.5454545454545454 0.36363636363636365 0.7272727272727273 0.3548387096774193 0.45161290322580644 0.06451612903225806 0.12903225806451613
0 0 0 0 0 0 0 0.6363636363636364 0 0 0 0 0 0 0 0 0 0 0 0 0 0 0 0 0 0 0 0 0 0 0 0 0 0 0 0 0 0 0 0 0 0 0 0 0 0 0 0 0 0 0 0 0 0 0 0 0 0 0.18181818181818182 0 0 0 0 0 0 0 0 0 0 0 0 0 0 0 0 0 0.18181818181818182 0 0 0 0 0 0 0 0 0 0 0 0 0 0 0 0 0 0 0 0 0 0 0 0 0 0 70.74955454545454 12.363636363636363 3.4545454545454546 69.0 29.818181818181817 1.25 0.9636363636363637 2.31 2.7945454545454544 2.0 2.5454545454545454 1.2727272727272727 3.090909090909091 0.22448979591836737 0.28571428571428575 0.14285714285714288 0.3469387755102041
0 0 0 0 0 0 0 0.6363636363636364 0 0 0 0 0 0 0 0 0 0 0 0 0 0 0 0 0 0 0 0 0 0 0 0 0 0 0 0 0 0 0 0 0 0 0 0.18181818181818182 0 0 0 0 0 0 0 0 0 0 0 0 0 0 0.18181818181818182 0 0 0 0 0 0 0 0 0 0 0 0 0 0 0 0 0 0 0 0 0 0 0 0 0 0 0 0 0 0 0 0 0 0 0 0 0 0 0 0 0 0 0 0 54.177372727272726 12.181818181818182 3.272727272727273 51.0 23.818181818181817 1.25 0.9545454545454546 2.31 2.7945454545454544 1.8181818181818181 2.5454545454545454 1.2727272727272727 0.5454545454545454 0.29411764705882354 0.4117647058823529 0.20588235294117646 0.08823529411764705
0 0 0 0 0 0 0 0.6363636363636364 0 0 0 0 0 0 0 0 0 0 0 0 0 0 0 0 0 0 0 0 0 0 0 0 0 0 0 0 0 0 0 0 0 0 0 0 0 0 0 0 0 0.18181818181818182 0 0 0 0 0 0 0 0 0.18181818181818182 0 0 0 0 0 0 0 0 0 0 0 0 0 0 0 0 0 0 0 0 0 0 0 0 0 0 0 0 0 0 0 0 0 0 0 0 0 0 0 0 0 0 0 0 57.38464545454545 13.272727272727273 3.272727272727273 51.0 24.90909090909091 1.25 0.9818181818181819 2.31 2.7509090909090905 2.0 2.909090909090909 1.8181818181818181 0.5454545454545454 0.275 0.4 0.25 0.075
0 0 0 0 0 0 0 0.6363636363636364 0 0 0 0 0 0 0 0 0 0 0 0 0 0 0 0 0 0 0 0 0 0 0 0 0 0 0 0 0 0 0 0.18181818181818182 0 0 0 0 0 0 0 0 0 0 0 0 0 0 0 0 0 0 0.18181818181818182 0 0 0 0 0 0 0 0 0 0 0 0 0 0 0 0 0 0 0 0 0 0 0 0 0 0 0 0 0 0 0 0 0 0 0 0 0 0 0 0 0 0 0 0 52.38719090909091 11.454545454545455 3.272727272727273 51.0 23.09090909090909 1.25 1.0 2.31 2.6363636363636362 2.0 2.5454545454545454 0.36363636363636365 0.5454545454545454 0.3666666666666667 0.4666666666666667 0.06666666666666668 0.1
0 0 0 0 0 0 0 0.6363636363636364 0 0 0 0 0 0 0 0 0 0 0 0 0.18181818181818182 0 0 0 0 0 0 0 0 0 0 0.18181818181818182 0 0 0 0 0 0 0 0 0 0 0 0 0 0 0 0 0 0 0 0 0 0 0 0 0 0 0 0 0 0 0 0 0 0 0 0 0 0 0 0 0 0 0 0 0 0 0 0 0 0 0 0 0 0 0 0 0 0 0 0 0 0 0 0 0 0 0 0 0 0 0 31.562511272727274 13.272727272727273 2.727272727272727 24.0 14.727272727272727 1.0 0.9 2.08 2.8018181818181818 2.0 2.909090909090909 2.0 0.0 0.2894736842105263 0.4210526315789474 0.2894736842105263 0.0
0 0 0 0 0 0 0 0.6363636363636364 0 0 0 0 0 0 0 0 0 0 0 0 0.18181818181818182 0 0 0 0.18181818181818182 0 0 0 0 0 0 0 0 0 0 0 0 0 0 0 0 0 0 0 0 0 0 0 0 0 0 0 0 0 0 0 0 0 0 0 0 0 0 0 0 0 0 0 0 0 0 0 0 0 0 0 0 0 0 0 0 0 0 0 0 0 0 0 0 0 0 0 0 0 0 0 0 0 0 0 0 0 0 28.343974000000003 12.0 2.727272727272727 17.0 13.454545454545455 1.0 0.9272727272727272 2.08 2.7181818181818183 2.0 2.5454545454545454 1.0909090909090908 0.0 0.3548387096774193 0.45161290322580644 0.19354838709677416 0.0
0 0 0 0 0 0 0 0.6363636363636364 0 0 0 0 0 0 0 0 0 0 0 0 0.18181818181818182 0 0 0 0 0 0 0 0 0 0 0 0 0 0 0 0 0 0 0 0 0 0 0 0 0 0 0 0 0 0 0 0 0 0 0 0 0 0 0 0 0 0 0 0 0 0 0 0 0 0 0 0 0 0 0 0 0.18181818181818182 0 0 0 0 0 0 0 0 0 0 0 0 0 0 0 0 0 0 0 0 0 0 0 0 0 53.82505672727273 12.545454545454545 3.090909090909091 70.0 23.09090909090909 1.0 0.9181818181818183 2.08 2.850909090909091 1.8181818181818181 2.5454545454545454 1.8181818181818181 2.5454545454545454 0.20833333333333334 0.2916666666666667 0.20833333333333334 0.2916666666666667
0 0 0 0 0 0 0 0.6363636363636364 0 0 0 0 0 0 0 0 0 0 0 0 0.18181818181818182 0 0.18181818181818182 0 0 0 0 0 0 0 0 0 0 0 0 0 0 0 0 0 0 0 0 0 0 0 0 0 0 0 0 0 0 0 0 0 0 0 0 0 0 0 0 0 0 0 0 0 0 0 0 0 0 0 0 0 0 0 0 0 0 0 0 0 0 0 0 0 0 0 0 0 0 0 0 0 0 0 0 0 0 0 0 27.61732945454545 11.636363636363637 2.727272727272727 15.0 13.090909090909092 1.0 0.9181818181818183 2.08 2.7327272727272724 2.0 2.5454545454545454 0.7272727272727273 0.0 0.37931034482758624 0.4827586206896552 0.13793103448275862 0.0
0 0 0 0 0 0 0 0.6363636363636364 0 0 0 0 0 0 0 0 0 0 0 0 0 0 0 0 0 0 0 0 0 0 0 0.18181818181818182 0 0 0 0 0 0 0 0 0 0 0 0 0 0 0 0 0 0 0 0 0 0 0 0 0 0 0 0 0 0.18181818181818182 0 0 0 0 0 0 0 0 0 0 0 0 0 0 0 0 0 0 0 0 0 0 0 0 0 0 0 0 0 0 0 0 0 0 0 0 0 0 0 0 0 50.72689090909091 13.272727272727273 3.090909090909091 54.0 22.181818181818183 1.25 0.9454545454545454 2.27 2.767272727272727 2.0 2.909090909090909 1.8181818181818181 1.0909090909090908 0.2558139534883721 0.37209302325581395 0.23255813953488372 0.13953488372093023
0 0 0 0 0 0 0 0.6363636363636364 0 0 0 0 0 0 0 0 0 0 0 0 0 0 0 0 0 0 0 0 0 0 0 0 0 0 0 0 0 0 0 0 0 0 0 0 0 0 0 0 0 0 0 0 0 0 0 0 0 0 0 0 0 0.18181818181818182 0 0 0 0 0 0 0 0 0 0.18181818181818182 0 0 0 0 0 0 0 0 0 0 0 0 0 0 0 0 0 0 0 0 0 0 0 0 0 0 0 0 0 0 0 69.97234545454546 11.454545454545455 3.4545454545454546 64.0 29.454545454545453 1.25 1.0 2.27 2.6381818181818177 2.0 2.5454545454545454 0.36363636363636365 3.6363636363636362 0.23404255319148937 0.2978723404255319 0.04255319148936171 0.425531914893617
0 0 0 0 0 0 0 0.6363636363636364 0 0 0 0 0 0 0 0 0 0 0 0 0 0 0 0 0.18181818181818182 0 0 0 0 0 0 0 0 0 0 0 0 0 0 0 0 0 0 0 0 0 0 0 0 0 0 0 0 0 0 0 0 0 0 0 0 0.18181818181818182 0 0 0 0 0 0 0 0 0 0 0 0 0 0 0 0 0 0 0 0 0 0 0 0 0 0 0 0 0 0 0 0 0 0 0 0 0 0 0 0 0 47.50835363636364 12.0 3.090909090909091 54.0 20.90909090909091 1.25 0.9727272727272727 2.27 2.683636363636363 2.0 2.5454545454545454 0.9090909090909091 1.0909090909090908 0.3055555555555555 0.38888888888888884 0.13888888888888887 0.16666666666666666
0 0 0 0 0 0 0 0.6363636363636364 0 0 0 0 0 0 0 0 0 0 0 0 0 0 0 0 0 0 0 0 0 0 0 0 0 0 0 0 0 0 0 0 0 0 0 0 0 0 0 0 0 0 0 0 0 0 0 0 0 0 0 0 0 0.18181818181818182 0 0 0 0 0 0 0 0 0 0 0 0 0 0 0 0.18181818181818182 0 0 0 0 0 0 0 0 0 0 0 0 0 0 0 0 0 0 0 0 0 0 0 0 0 72.98943636363637 12.545454545454545 3.4545454545454546 70.0 30.545454545454547 1.25 0.9636363636363637 2.27 2.816363636363636 1.8181818181818181 2.5454545454545454 1.6363636363636365 3.6363636363636362 0.18867924528301885 0.2641509433962264 0.169811320754717 0.3773584905660377
0 0 0 0 0 0 0 0.6363636363636364 0 0 0 0 0 0 0 0 0 0 0 0 0 0 0 0 0 0 0 0 0 0 0 0 0 0 0 0 0 0 0 0 0 0 0 0.18181818181818182 0 0 0 0 0 0 0 0 0 0 0 0 0 0 0 0 0 0.18181818181818182 0 0 0 0 0 0 0 0 0 0 0 0 0 0 0 0 0 0 0 0 0 0 0 0 0 0 0 0 0 0 0 0 0 0 0 0 0 0 0 0 0 55.89598181818182 12.181818181818182 3.272727272727273 54.0 24.363636363636363 1.25 0.9545454545454546 2.27 2.8018181818181818 1.8181818181818181 2.5454545454545454 1.2727272727272727 1.0909090909090908 0.27027027027027023 0.37837837837837834 0.18918918918918917 0.16216216216216214
0 0 0 0 0 0 0 0.6363636363636364 0 0 0 0 0 0 0 0 0 0 0 0 0 0 0 0 0 0 0 0 0 0 0 0 0 0 0 0 0 0 0 0 0 0 0 0 0 0 0 0 0 0.18181818181818182 0 0 0 0 0 0 0 0 0 0 0 0.18181818181818182 0 0 0 0 0 0 0 0 0 0 0 0 0 0 0 0 0 0 0 0 0 0 0 0 0 0 0 0 0 0 0 0 0 0 0 0 0 0 0 0 0 59.10325454545455 13.272727272727273 3.272727272727273 54.0 25.454545454545453 1.25 0.9818181818181819 2.27 2.758181818181818 2.0 2.909090909090909 1.8181818181818181 1.0909090909090908 0.2558139534883721 0.37209302325581395 0.23255813953488372 0.13953488372093023
0 0 0 0 0 0 0 0.6363636363636364 0 0 0 0 0 0 0 0 0 0 0 0 0 0.18181818181818182 0 0 0 0 0 0 0 0 0 0 0 0 0 0 0 0 0 0 0 0 0 0 0 0 0 0 0 0 0 0 0 0 0 0 0 0 0 0 0 0.18181818181818182 0 0 0 0 0 0 0 0 0 0 0 0 0 0 0 0 0 0 0 0 0 0 0 0 0 0 0 0 0 0 0 0 0 0 0 0 0 0 0 0 0 46.22270909090909 11.454545454545455 3.090909090909091 54.0 20.363636363636363 1.25 0.9727272727272727 2.27 2.6818181818181817 2.0 2.5454545454545454 0.36363636363636365 1.0909090909090908 0.3333333333333333 0.42424242424242425 0.06060606060606061 0.1818181818181818
0 0 0 0 0 0 0 0.6363636363636364 0 0 0 0 0 0 0 0 0 0 0 0 0 0 0 0 0 0 0 0 0 0 0 0 0 0 0 0 0 0 0 0.18181818181818182 0 0 0 0 0 0 0 0 0 0 0 0 0 0 0 0 0 0 0 0 0 0.18181818181818182 0 0 0 0 0 0 0 0 0 0 0 0 0 0 0 0 0 0 0 0 0 0 0 0 0 0 0 0 0 0 0 0 0 0 0 0 0 0 0 0 0 54.1058 11.454545454545455 3.272727272727273 54.0 23.636363636363637 1.25 1.0 2.27 2.6436363636363636 2.0 2.5454545454545454 0.36363636363636365 1.0909090909090908 0.3333333333333333 0.42424242424242425 0.06060606060606061 0.1818181818181818
0 0 0 0 0 0 0 0.6363636363636364 0 0 0 0 0 0 0 0 0 0 0 0 0 0 0 0 0 0 0 0 0 0 0 0 0 0 0 0 0 0 0 0 0 0 0 0 0 0 0 0 0 0.18181818181818182 0 0 0 0 0 0 0 0 0 0 0 0 0 0 0 0 0 0 0 0 0 0 0 0 0 0 0 0 0 0 0 0 0.18181818181818182 0 0 0 0 0 0 0 0 0 0 0 0 0 0 0 0 0 0 0 0 69.7615090909091 15.454545454545455 3.272727272727273 75.0 29.272727272727273 1.0 0.9363636363636364 1.48 2.9127272727272726 2.0 3.4545454545454546 3.6363636363636362 2.5454545454545454 0.171875 0.296875 0.3125 0.21875
0 0 0 0 0 0 0 0.6363636363636364 0 0 0 0 0 0 0 0 0 0 0 0 0 0 0 0 0 0 0 0 0 0 0 0 0 0 0 0 0 0 0 0 0 0 0 0 0 0 0 0.18181818181818182 0 0 0 0 0 0 0 0 0 0 0 0 0 0 0 0 0 0 0 0 0 0 0 0 0.18181818181818182 0 0 0 0 0 0 0 0 0 0 0 0 0 0 0 0 0 0 0 0 0 0 0 0 0 0 0 0 0 0 63.519414545454545 13.272727272727273 3.272727272727273 65.0 27.09090909090909 0.9500000000000001 0.9272727272727272 1.94 2.769090909090909 2.0 2.5454545454545454 2.3636363636363638 2.5454545454545454 0.21153846153846154 0.2692307692307692 0.25 0.2692307692307692
0 0 0 0 0 0 0 0.6363636363636364 0 0 0 0 0 0 0 0 0 0 0 0 0 0 0 0 0 0 0 0 0 0 0 0 0 0 0 0 0 0 0 0 0 0 0 0 0 0 0 0 0 0 0 0 0 0 0 0 0 0 0 0 0 0 0 0 0 0 0 0 0 0 0 0 0.18181818181818182 0 0 0 0 0 0 0 0 0.18181818181818182 0 0 0 0 0 0 0 0 0 0 0 0 0 0 0 0 0 0 0 0 0 80.75377818181818 13.636363636363637 3.4545454545454546 74.0 33.27272727272727 1.2000000000000002 0.9727272727272727 1.94 2.8854545454545453 2.0 2.909090909090909 2.3636363636363638 5.090909090909091 0.16176470588235295 0.23529411764705885 0.1911764705882353 0.4117647058823529
0 0 0 0 0 0 0 0.6363636363636364 0 0 0 0 0 0 0 0 0 0 0 0 0 0 0 0 0.18181818181818182 0 0 0 0 0 0 0 0 0 0 0 0 0 0 0 0 0 0 0 0 0 0 0 0 0 0 0 0 0 0 0 0 0 0 0 0 0 0 0 0.18181818181818182 0 0 0 0 0 0 0 0 0 0 0 0 0 0 0 0 0 0 0 0 0 0 0 0 0 0 0 0 0 0 0 0 0 0 0 0 0 0 49.06569000000001 12.0 3.090909090909091 57.0 21.454545454545453 1.15 0.9545454545454546 2.23 2.690909090909091 2.0 2.5454545454545454 0.9090909090909091 1.6363636363636365 0.28205128205128205 0.358974358974359 0.1282051282051282 0.23076923076923078
0 0 0 0 0 0 0 0.6363636363636364 0 0 0 0 0 0 0 0 0 0 0 0 0 0 0 0 0 0 0 0 0 0 0 0 0 0 0 0 0 0 0 0 0 0.18181818181818182 0 0 0 0 0 0 0 0 0 0 0 0 0 0 0 0 0 0 0 0 0 0 0.18181818181818182 0 0 0 0 0 0 0 0 0 0 0 0 0 0 0 0 0 0 0 0 0 0 0 0 0 0 0 0 0 0 0 0 0 0 0 0 0 0 56.52422727272728 11.818181818181818 3.272727272727273 57.0 24.545454545454547 1.15 0.9636363636363637 2.23 2.8018181818181818 1.8181818181818181 2.5454545454545454 0.9090909090909091 1.6363636363636365 0.2631578947368421 0.3684210526315789 0.13157894736842105 0.2368421052631579
0 0 0 0 0 0 0 0.6363636363636364 0 0 0 0 0 0 0 0 0 0 0 0 0 0 0 0 0 0 0 0 0 0 0 0 0 0 0 0 0 0 0 0 0 0 0 0 0 0 0 0 0 0 0 0 0 0 0 0 0 0 0 0 0 0 0 0 0.18181818181818182 0 0 0 0 0 0 0 0 0 0 0 0 0 0 0 0 0.18181818181818182 0 0 0 0 0 0 0 0 0 0 0 0 0 0 0 0 0 0 0 0 0 76.74968181818183 13.272727272727273 3.4545454545454546 74.0 31.818181818181817 1.2000000000000002 1.0272727272727273 2.23 2.8327272727272725 2.0 2.909090909090909 1.8181818181818181 4.181818181818182 0.18333333333333335 0.2666666666666667 0.16666666666666669 0.38333333333333336
0 0 0 0 0 0 0 0.6363636363636364 0 0 0 0 0 0 0 0 0 0 0 0 0 0 0 0 0 0 0 0 0 0 0 0 0 0 0 0 0 0 0 0 0 0 0 0 0 0 0 0 0 0 0 0 0 0 0 0 0 0 0 0 0 0 0 0 0.18181818181818182 0 0 0 0 0 0 0 0 0 0 0 0 0.18181818181818182 0 0 0 0 0 0 0 0 0 0 0 0 0 0 0 0 0 0 0 0 0 0 0 0 0 74.54677272727274 12.545454545454545 3.4545454545454546 70.0 31.09090909090909 1.15 0.9454545454545454 2.23 2.8236363636363637 1.8181818181818181 2.5454545454545454 1.6363636363636365 4.181818181818182 0.17857142857142858 0.25 0.16071428571428573 0.4107142857142857
0 0 0 0 0 0 0 0.6363636363636364 0 0 0 0 0 0 0 0 0 0 0 0 0 0 0 0 0 0 0 0 0 0 0 0 0 0 0 0 0 0 0 0 0 0 0 0.18181818181818182 0 0 0 0 0 0 0 0 0 0 0 0 0 0 0 0 0 0 0 0 0.18181818181818182 0 0 0 0 0 0 0 0 0 0 0 0 0 0 0 0 0 0 0 0 0 0 0 0 0 0 0 0 0 0 0 0 0 0 0 0 0 0 57.45331818181819 12.181818181818182 3.272727272727273 57.0 24.90909090909091 1.15 0.9363636363636364 2.23 2.809090909090909 1.8181818181818181 2.5454545454545454 1.2727272727272727 1.6363636363636365 0.25 0.35000000000000003 0.17500000000000002 0.22500000000000003
0 0 0 0 0 0 0 0.6363636363636364 0 0 0 0 0 0 0 0 0 0 0 0 0 0 0 0 0 0 0 0 0 0 0 0 0 0 0 0 0 0 0 0 0 0 0 0 0 0 0 0 0 0.18181818181818182 0 0 0 0 0 0 0 0 0 0 0 0 0 0 0.18181818181818182 0 0 0 0 0 0 0 0 0 0 0 0 0 0 0 0 0 0 0 0 0 0 0 0 0 0 0 0 0 0 0 0 0 0 0 0 0 0 60.660590909090914 13.272727272727273 3.272727272727273 57.0 26.0 1.15 0.9636363636363637 2.23 2.765454545454545 2.0 2.909090909090909 1.8181818181818181 1.6363636363636365 0.2391304347826087 0.3478260869565218 0.21739130434782608 0.1956521739130435
0 0 0 0 0 0 0 0.6363636363636364 0 0 0 0 0 0 0 0 0 0 0 0 0 0.18181818181818182 0 0 0 0 0 0 0 0 0 0 0 0 0 0 0 0 0 0 0 0 0 0 0 0 0 0 0 0 0 0 0 0 0 0 0 0 0 0 0 0 0 0 0.18181818181818182 0 0 0 0 0 0 0 0 0 0 0 0 0 0 0 0 0 0 0 0 0 0 0 0 0 0 0 0 0 0 0 0 0 0 0 0 0 0 47.78004545454546 11.454545454545455 3.090909090909091 57.0 20.90909090909091 1.15 0.9545454545454546 2.23 2.689090909090909 2.0 2.5454545454545454 0.36363636363636365 1.6363636363636365 0.3055555555555555 0.38888888888888884 0.05555555555555555 0.25
0 0 0 0 0 0 0 0.6363636363636364 0 0 0 0 0 0 0 0 0 0 0 0 0 0 0 0 0 0 0 0 0 0 0 0 0 0 0 0 0 0 0 0.18181818181818182 0 0 0 0 0 0 0 0 0 0 0 0 0 0 0 0 0 0 0 0 0 0 0 0 0.18181818181818182 0 0 0 0 0 0 0 0 0 0 0 0 0 0 0 0 0 0 0 0 0 0 0 0 0 0 0 0 0 0 0 0 0 0 0 0 0 0 55.66313636363637 11.454545454545455 3.272727272727273 57.0 24.181818181818183 1.15 0.9818181818181819 2.23 2.6509090909090904 2.0 2.5454545454545454 0.36363636363636365 1.6363636363636365 0.3055555555555555 0.38888888888888884 0.05555555555555555 0.25
0 0 0 0 0 0 0 0.6363636363636364 0 0 0 0 0 0 0 0 0 0 0 0 0 0.18181818181818182 0 0 0 0 0 0 0 0 0 0 0 0 0 0 0 0 0 0 0 0 0 0 0 0 0 0 0 0 0 0 0 0 0 0 0 0 0 0 0 0 0 0 0 0 0 0 0 0 0 0 0 0 0 0 0 0 0 0 0 0 0.18181818181818182 0 0 0 0 0 0 0 0 0 0 0 0 0 0 0 0 0 0 0 0 56.88096363636364 13.636363636363637 3.090909090909091 75.0 24.181818181818183 1.0 0.9272727272727272 1.9 2.8363636363636364 2.0 3.090909090909091 2.1818181818181817 2.5454545454545454 0.2037037037037037 0.3148148148148148 0.2222222222222222 0.25925925925925924
0 0 0 0 0 0 0 0.6363636363636364 0 0 0 0 0 0 0 0 0 0 0 0 0 0 0 0 0 0 0 0 0 0 0 0.18181818181818182 0 0 0 0 0 0 0 0 0 0 0 0 0 0 0 0 0 0 0 0 0 0 0 0 0 0 0 0 0 0 0 0 0 0 0 0 0 0 0 0 0 0 0 0 0 0 0 0 0.18181818181818182 0 0 0 0 0 0 0 0 0 0 0 0 0 0 0 0 0 0 0 0 0 0 60.5493090909091 15.090909090909092 3.090909090909091 73.0 25.636363636363637 1.2999999999999998 0.9545454545454546 1.8199999999999998 2.8490909090909087 2.0 3.090909090909091 3.6363636363636362 2.5454545454545454 0.17741935483870966 0.27419354838709675 0.3225806451612903 0.22580645161290322
0 0 0 0 0 0 0 0.6363636363636364 0 0 0 0 0 0 0 0 0 0 0 0 0 0 0 0 0 0 0 0 0 0 0 0 0 0 0 0 0 0 0 0 0 0 0 0 0 0 0 0 0 0 0 0 0 0 0 0 0 0 0 0 0 0 0 0 0 0 0 0 0 0 0 0 0 0 0 0 0 0.18181818181818182 0 0 0.18181818181818182 0 0 0 0 0 0 0 0 0 0 0 0 0 0 0 0 0 0 0 0 0 0 82.81185454545455 14.363636363636363 3.4545454545454546 73.0 34.0 1.2999999999999998 0.9727272727272727 1.8199999999999998 2.898181818181818 1.8181818181818181 2.727272727272727 3.4545454545454546 5.090909090909091 0.13888888888888887 0.20833333333333331 0.2638888888888889 0.38888888888888884
0 0 0 0 0 0 0 0.6363636363636364 0 0 0 0 0 0 0 0 0 0 0 0 0 0 0 0 0 0 0 0 0 0 0 0 0 0 0 0 0 0 0 0 0 0 0 0.18181818181818182 0 0 0 0 0 0 0 0 0 0 0 0 0 0 0 0 0 0 0 0 0 0 0 0 0 0 0 0 0 0 0 0 0 0 0 0 0.18181818181818182 0 0 0 0 0 0 0 0 0 0 0 0 0 0 0 0 0 0 0 0 0 0 65.7184 14.0 3.272727272727273 73.0 27.818181818181817 1.2999999999999998 0.9636363636363637 1.8199999999999998 2.8836363636363633 1.8181818181818181 2.727272727272727 3.090909090909091 2.5454545454545454 0.17857142857142858 0.26785714285714285 0.30357142857142855 0.25
0 0 0 0 0 0 0 0.6363636363636364 0 0 0 0 0 0 0 0 0 0 0 0 0 0 0 0 0.18181818181818182 0 0 0 0 0 0 0 0 0 0 0 0 0 0 0 0 0 0 0 0 0 0 0 0 0 0 0 0 0 0 0 0 0 0 0 0 0 0 0 0 0 0 0 0.18181818181818182 0 0 0 0 0 0 0 0 0 0 0 0 0 0 0 0 0 0 0 0 0 0 0 0 0 0 0 0 0 0 0 0 0 0 50.88548272727273 12.0 3.090909090909091 61.0 22.181818181818183 1.15 0.9545454545454546 2.19 2.6981818181818182 2.0 2.5454545454545454 0.9090909090909091 2.3636363636363638 0.2558139534883721 0.3255813953488372 0.11627906976744186 0.3023255813953488
0 0 0 0 0 0 0 0.6363636363636364 0 0 0 0 0 0 0 0 0 0 0 0 0 0 0 0 0 0 0 0 0 0 0 0 0 0 0 0 0 0 0 0 0 0 0 0 0 0 0 0 0 0 0 0 0 0 0 0 0 0 0 0 0 0 0 0 0 0 0 0 0.18181818181818182 0 0 0 0 0 0 0 0 0 0 0 0 0.18181818181818182 0 0 0 0 0 0 0 0 0 0 0 0 0 0 0 0 0 0 0 0 0 78.56947454545455 13.272727272727273 3.4545454545454546 74.0 32.54545454545455 1.2000000000000002 1.0272727272727273 2.19 2.84 2.0 2.909090909090909 1.8181818181818181 4.909090909090909 0.171875 0.25 0.15625 0.421875
0 0 0 0 0 0 0 0.6363636363636364 0 0 0 0 0 0 0 0 0 0 0 0 0 0 0 0 0 0 0 0 0 0 0 0 0 0 0 0 0 0 0 0 0 0 0 0 0 0 0 0 0 0 0 0 0 0 0 0 0 0 0 0 0 0 0 0 0 0 0 0 0.18181818181818182 0 0 0 0 0 0 0 0 0.18181818181818182 0 0 0 0 0 0 0 0 0 0 0 0 0 0 0 0 0 0 0 0 0 0 0 0 0 76.36656545454547 12.545454545454545 3.4545454545454546 70.0 31.818181818181817 1.15 0.9454545454545454 2.19 2.8309090909090906 1.8181818181818181 2.5454545454545454 1.6363636363636365 4.909090909090909 0.16666666666666669 0.23333333333333334 0.15000000000000002 0.45000000000000007
0 0 0 0 0 0 0 0.6363636363636364 0 0 0 0 0 0 0 0 0 0 0 0 0 0 0 0 0 0 0 0 0 0 0 0 0 0 0 0 0 0 0 0 0 0 0 0.18181818181818182 0 0 0 0 0 0 0 0 0 0 0 0 0 0 0 0 0 0 0 0 0 0 0 0 0.18181818181818182 0 0 0 0 0 0 0 0 0 0 0 0 0 0 0 0 0 0 0 0 0 0 0 0 0 0 0 0 0 0 0 0 0 0 59.27311090909091 12.181818181818182 3.272727272727273 61.0 25.636363636363637 1.15 0.9363636363636364 2.19 2.816363636363636 1.8181818181818181 2.5454545454545454 1.2727272727272727 2.3636363636363638 0.22727272727272727 0.3181818181818182 0.1590909090909091 0.29545454545454547
0 0 0 0 0 0 0 0.6363636363636364 0 0 0 0 0 0 0 0 0 0 0 0 0 0 0 0 0 0 0 0 0 0 0 0 0 0 0 0 0 0 0 0 0 0 0 0 0 0 0 0 0 0.18181818181818182 0 0 0 0 0 0 0 0 0 0 0 0 0 0 0 0 0 0 0.18181818181818182 0 0 0 0 0 0 0 0 0 0 0 0 0 0 0 0 0 0 0 0 0 0 0 0 0 0 0 0 0 0 0 0 0 0 62.480383636363634 13.272727272727273 3.272727272727273 61.0 26.727272727272727 1.15 0.9636363636363637 2.19 2.772727272727273 2.0 2.909090909090909 1.8181818181818181 2.3636363636363638 0.21999999999999997 0.32 0.19999999999999998 0.26
0 0 0 0 0 0 0 0.6363636363636364 0 0 0 0 0 0 0 0 0 0 0 0 0 0.18181818181818182 0 0 0 0 0 0 0 0 0 0 0 0 0 0 0 0 0 0 0 0 0 0 0 0 0 0 0 0 0 0 0 0 0 0 0 0 0 0 0 0 0 0 0 0 0 0 0.18181818181818182 0 0 0 0 0 0 0 0 0 0 0 0 0 0 0 0 0 0 0 0 0 0 0 0 0 0 0 0 0 0 0 0 0 0 49.59983818181818 11.454545454545455 3.090909090909091 61.0 21.636363636363637 1.15 0.9545454545454546 2.19 2.696363636363636 2.0 2.5454545454545454 0.36363636363636365 2.3636363636363638 0.275 0.35000000000000003 0.05 0.325
0 0 0 0 0 0 0 0.6363636363636364 0 0 0 0 0 0 0 0 0 0 0 0 0 0 0 0 0 0 0 0 0 0 0 0.18181818181818182 0 0 0 0 0 0 0.18181818181818182 0 0 0 0 0 0 0 0 0 0 0 0 0 0 0 0 0 0 0 0 0 0 0 0 0 0 0 0 0 0 0 0 0 0 0 0 0 0 0 0 0 0 0 0 0 0 0 0 0 0 0 0 0 0 0 0 0 0 0 0 0 0 0 0 39.55340909090909 13.272727272727273 2.909090909090909 31.0 18.0 1.2000000000000002 0.9363636363636364 2.2199999999999998 2.7763636363636364 2.0 2.909090909090909 2.0 0.0 0.2894736842105263 0.4210526315789474 0.2894736842105263 0.0
0 0 0 0 0 0 0 0.6363636363636364 0 0 0 0 0 0 0 0 0 0 0 0 0 0 0 0 0 0 0 0 0 0 0 0 0 0 0 0 0 0 0.18181818181818182 0 0 0 0 0 0 0 0 0 0 0 0 0 0 0 0 0 0 0 0 0 0 0 0 0 0 0 0 0 0 0 0 0.18181818181818182 0 0 0 0 0 0 0 0 0 0 0 0 0 0 0 0 0 0 0 0 0 0 0 0 0 0 0 0 0 0 0 58.79886363636364 11.454545454545455 3.272727272727273 64.0 25.272727272727273 1.2000000000000002 0.990909090909091 2.2199999999999998 2.647272727272727 2.0 2.5454545454545454 0.5454545454545454 2.5454545454545454 0.2619047619047619 0.3333333333333333 0.07142857142857142 0.3333333333333333
0 0 0 0 0 0 0 0.6363636363636364 0 0 0 0 0 0 0 0 0 0 0 0 0 0 0 0 0 0 0 0 0 0 0 0 0 0 0 0 0 0 0.18181818181818182 0 0 0 0 0 0 0 0 0 0 0 0 0 0 0 0 0 0 0 0 0 0 0 0 0 0 0 0 0 0 0 0 0 0 0 0 0 0.18181818181818182 0 0 0 0 0 0 0 0 0 0 0 0 0 0 0 0 0 0 0 0 0 0 0 0 0 0 61.29468181818183 12.363636363636363 3.272727272727273 69.0 26.181818181818183 1.2000000000000002 0.9545454545454546 2.2199999999999998 2.8109090909090906 2.0 2.5454545454545454 1.4545454545454546 2.5454545454545454 0.23404255319148937 0.2978723404255319 0.17021276595744683 0.2978723404255319
0 0 0 0 0 0 0 0.6363636363636364 0 0 0 0 0 0 0 0 0 0 0 0 0 0 0 0 0.18181818181818182 0 0 0 0 0 0 0 0 0 0 0 0 0 0.18181818181818182 0 0 0 0 0 0 0 0 0 0 0 0 0 0 0 0 0 0 0 0 0 0 0 0 0 0 0 0 0 0 0 0 0 0 0 0 0 0 0 0 0 0 0 0 0 0 0 0 0 0 0 0 0 0 0 0 0 0 0 0 0 0 0 0 36.33487181818182 12.0 2.909090909090909 31.0 16.727272727272727 1.2000000000000002 0.9636363636363637 2.2199999999999998 2.6927272727272724 2.0 2.5454545454545454 1.0909090909090908 0.0 0.3548387096774193 0.45161290322580644 0.19354838709677416 0.0
0 0 0 0 0 0 0 0.6363636363636364 0 0 0 0 0 0 0 0 0 0 0 0 0 0 0 0 0 0 0 0 0 0 0 0 0 0 0 0 0 0 0.18181818181818182 0 0 0.18181818181818182 0 0 0 0 0 0 0 0 0 0 0 0 0 0 0 0 0 0 0 0 0 0 0 0 0 0 0 0 0 0 0 0 0 0 0 0 0 0 0 0 0 0 0 0 0 0 0 0 0 0 0 0 0 0 0 0 0 0 0 0 0 43.79340909090909 11.818181818181818 3.090909090909091 34.0 19.818181818181817 1.2000000000000002 0.9727272727272727 2.2199999999999998 2.8036363636363633 1.8181818181818181 2.5454545454545454 1.0909090909090908 0.0 0.33333333333333337 0.4666666666666667 0.2 0.0
0 0 0 0 0 0 0 0.6363636363636364 0 0 0 0 0 0 0 0 0 0 0 0 0 0 0 0 0 0 0 0 0 0 0 0 0 0 0 0 0 0 0.18181818181818182 0 0 0 0 0 0 0 0 0 0 0 0 0 0 0 0 0 0 0 0 0 0 0 0 0 0 0 0 0 0 0 0 0 0 0 0 0 0 0 0 0 0 0.18181818181818182 0 0 0 0 0 0 0 0 0 0 0 0 0 0 0 0 0 0 0 0 0 64.01886363636363 13.272727272727273 3.272727272727273 74.0 27.09090909090909 1.2000000000000002 1.0363636363636364 2.2199999999999998 2.8345454545454545 2.0 2.909090909090909 2.0 2.5454545454545454 0.21153846153846154 0.3076923076923077 0.21153846153846154 0.2692307692307692
0 0 0 0 0 0 0 0.6363636363636364 0 0 0 0 0 0 0 0 0 0 0 0 0 0 0 0 0 0 0 0 0 0 0 0 0 0 0 0 0 0 0.18181818181818182 0 0 0 0 0 0 0 0 0 0 0 0 0 0 0 0 0 0 0 0 0 0 0 0 0 0 0 0 0 0 0 0 0 0 0 0 0 0 0.18181818181818182 0 0 0 0 0 0 0 0 0 0 0 0 0 0 0 0 0 0 0 0 0 0 0 0 0 61.815954545454545 12.545454545454545 3.272727272727273 70.0 26.363636363636363 1.2000000000000002 0.9545454545454546 2.2199999999999998 2.825454545454545 1.8181818181818181 2.5454545454545454 1.8181818181818181 2.5454545454545454 0.20833333333333334 0.2916666666666667 0.20833333333333334 0.2916666666666667
0 0 0 0 0 0 0 0.6363636363636364 0 0 0 0 0 0 0 0 0 0 0 0 0 0 0 0 0 0 0 0 0 0 0 0 0 0 0 0 0 0 0.18181818181818182 0 0 0 0 0.18181818181818182 0 0 0 0 0 0 0 0 0 0 0 0 0 0 0 0 0 0 0 0 0 0 0 0 0 0 0 0 0 0 0 0 0 0 0 0 0 0 0 0 0 0 0 0 0 0 0 0 0 0 0 0 0 0 0 0 0 0 0 44.7225 12.181818181818182 3.090909090909091 36.0 20.181818181818183 1.2000000000000002 0.9454545454545454 2.2199999999999998 2.8109090909090906 1.8181818181818181 2.5454545454545454 1.4545454545454546 0.0 0.3125 0.4375 0.25 0.0
0 0 0 0 0 0 0 0.6363636363636364 0 0 0 0 0 0 0 0 0 0 0 0 0 0 0 0 0 0 0 0 0 0 0 0 0 0 0 0 0 0 0.18181818181818182 0 0 0 0 0 0 0 0 0 0 0.18181818181818182 0 0 0 0 0 0 0 0 0 0 0 0 0 0 0 0 0 0 0 0 0 0 0 0 0 0 0 0 0 0 0 0 0 0 0 0 0 0 0 0 0 0 0 0 0 0 0 0 0 0 0 0 0 47.92977272727273 13.272727272727273 3.090909090909091 42.0 21.272727272727273 1.2000000000000002 0.9727272727272727 2.2199999999999998 2.767272727272727 2.0 2.909090909090909 2.0 0.0 0.2894736842105263 0.4210526315789474 0.2894736842105263 0.0
0 0 0 0 0 0 0 0.6363636363636364 0 0 0 0 0 0 0 0 0 0 0 0 0 0.18181818181818182 0 0 0 0 0 0 0 0 0 0 0 0 0 0 0 0 0.18181818181818182 0 0 0 0 0 0 0 0 0 0 0 0 0 0 0 0 0 0 0 0 0 0 0 0 0 0 0 0 0 0 0 0 0 0 0 0 0 0 0 0 0 0 0 0 0 0 0 0 0 0 0 0 0 0 0 0 0 0 0 0 0 0 0 0 35.04922727272728 11.454545454545455 2.909090909090909 31.0 16.181818181818183 1.2000000000000002 0.9636363636363637 2.2199999999999998 2.690909090909091 2.0 2.5454545454545454 0.5454545454545454 0.0 0.39285714285714285 0.5 0.10714285714285714 0.0
0 0 0 0 0 0 0 0.6363636363636364 0 0 0 0 0 0 0 0 0 0 0 0 0 0 0.18181818181818182 0 0 0 0 0 0 0 0 0 0 0 0 0 0 0 0.18181818181818182 0 0 0 0 0 0 0 0 0 0 0 0 0 0 0 0 0 0 0 0 0 0 0 0 0 0 0 0 0 0 0 0 0 0 0 0 0 0 0 0 0 0 0 0 0 0 0 0 0 0 0 0 0 0 0 0 0 0 0 0 0 0 0 0 35.60822727272728 11.636363636363637 2.909090909090909 31.0 16.363636363636363 1.2000000000000002 0.9545454545454546 2.2199999999999998 2.707272727272727 2.0 2.5454545454545454 0.7272727272727273 0.0 0.37931034482758624 0.4827586206896552 0.13793103448275862 0.0
0 0 0 0 0 0 0 0.6363636363636364 0 0 0 0 0 0 0 0 0 0 0 0 0 0 0 0 0 0 0 0 0 0 0 0.18181818181818182 0 0 0 0 0 0 0 0 0 0 0 0 0 0 0 0 0 0 0 0 0 0 0 0 0 0 0 0 0 0 0 0 0 0 0 0 0 0.18181818181818182 0 0 0 0 0 0 0 0 0 0 0 0 0 0 0 0 0 0 0 0 0 0 0 0 0 0 0 0 0 0 0 0 0 54.85307272727273 13.272727272727273 3.090909090909091 62.0 23.636363636363637 1.15 0.9272727272727272 2.1799999999999997 2.7836363636363632 2.0 2.909090909090909 1.8181818181818181 2.5454545454545454 0.2156862745098039 0.3137254901960784 0.196078431372549 0.2745098039215686
0 0 0 0 0 0 0 0.6363636363636364 0 0 0 0 0 0 0 0 0 0 0 0 0 0 0 0 0 0 0 0 0 0 0 0 0 0 0 0 0 0 0 0 0 0 0 0.18181818181818182 0 0 0 0 0 0 0 0 0 0 0 0 0 0 0 0 0 0 0 0 0 0 0 0 0 0.18181818181818182 0 0 0 0 0 0 0 0 0 0 0 0 0 0 0 0 0 0 0 0 0 0 0 0 0 0 0 0 0 0 0 0 0 60.02216363636364 12.181818181818182 3.272727272727273 62.0 25.818181818181817 1.15 0.9363636363636364 2.1799999999999997 2.8181818181818183 1.8181818181818181 2.5454545454545454 1.2727272727272727 2.5454545454545454 0.2222222222222222 0.3111111111111111 0.15555555555555556 0.3111111111111111
0 0 0 0 0 0 0 0.6363636363636364 0 0 0 0 0 0 0 0 0 0 0 0 0 0 0 0 0 0 0 0 0 0 0 0 0 0 0 0 0 0 0 0 0 0 0 0 0 0 0 0 0 0.18181818181818182 0 0 0 0 0 0 0 0 0 0 0 0 0 0 0 0 0 0 0 0.18181818181818182 0 0 0 0 0 0 0 0 0 0 0 0 0 0 0 0 0 0 0 0 0 0 0 0 0 0 0 0 0 0 0 0 0 63.22943636363637 13.272727272727273 3.272727272727273 62.0 26.90909090909091 1.15 0.9636363636363637 2.1799999999999997 2.774545454545454 2.0 2.909090909090909 1.8181818181818181 2.5454545454545454 0.2156862745098039 0.3137254901960784 0.196078431372549 0.2745098039215686
0 0 0 0 0 0 0 0.6363636363636364 0 0 0 0 0 0 0 0 0 0 0 0 0 0 0.18181818181818182 0 0 0 0 0 0 0 0 0 0 0 0 0 0 0 0 0 0 0 0 0 0 0 0 0 0 0 0 0 0 0 0 0 0 0 0 0 0 0 0 0 0 0 0 0 0 0.18181818181818182 0 0 0 0 0 0 0 0 0 0 0 0 0 0 0 0 0 0 0 0 0 0 0 0 0 0 0 0 0 0 0 0 0 50.90789090909091 11.636363636363637 3.090909090909091 62.0 22.0 1.15 0.9454545454545454 2.1799999999999997 2.7145454545454544 2.0 2.5454545454545454 0.5454545454545454 2.5454545454545454 0.2619047619047619 0.3333333333333333 0.07142857142857142 0.3333333333333333
0 0 0 0 0 0 0 0.6363636363636364 0 0 0 0 0 0 0 0 0 0 0 0 0 0 0 0 0 0 0 0 0 0 0 0 0 0 0 0 0 0 0 0.18181818181818182 0 0 0 0 0 0 0 0 0 0 0 0 0 0 0 0 0 0 0 0 0 0 0 0 0 0 0 0 0 0 0 0 0 0 0 0 0 0 0 0 0 0 0.18181818181818182 0 0 0 0 0 0 0 0 0 0 0 0 0 0 0 0 0 0 0 0 64.76405454545456 13.636363636363637 3.272727272727273 75.0 27.454545454545453 1.0 0.9545454545454546 2.11 2.798181818181818 2.0 3.090909090909091 2.1818181818181817 2.5454545454545454 0.2037037037037037 0.3148148148148148 0.2222222222222222 0.25925925925925924
