1.55
0
0
0
0.834
0
0.084
1.567
0
0
2.396
0
0
0
0.381
0
2.078
0
0
2.973
3.363
1.117
0.958
1.547
0
2.926
2.824
2.61
3.007
1.071
0.928
0
2.898
2.79
0
0
0
0
0
0
0
0
0
3.35
0
0
2.79
0
0
0.192
3.005
3.256
0.947
1.594
0
2.914
2.82
1.438
2.049
0.198
2.408
4.233
0.971
2.848
2.863
3.833
0
1.242
0.877
1.703
0
2.843
2.607
1.316
1.42
0.017
0
2.082
0.462
1.043
0.048
3.956
0
0
1.172
0
2.873
0
2.744
0
3.443
0
0
2.838
3.573
3.689
0
1.807
1.219
2.809
3.727
0.753
1.207
0
2.91
2.822
3.194
2.877
2.229
1.625
0.877
0
0.967
1.398
0
2.932
2.823
2.713
2.624
0.249
0.865
0
1.466
0.914
1.471
0
2.877
2.71
2.948
3.35
0
1.153
0
1.209
1.466
0
2.957
2.817
0
0
0
0
0.072
2.803